#t 	 x1 	 y1 	 z1 	 x2 	 y2 	 z2 	 z1 	 z2 	 x3 	 y3 	 z3 	 x4 	 y4 	 z4 	 E 
0	-1	-0.577385	0	-0.372448	-0.219556	0	0.372448	0.219556	0	1	0.577385	0	-1212.59
0.01	-0.943163	-0.541865	0	-0.30732	-0.306977	0	0.30732	0.306977	0	0.943163	0.541865	0	-1106.49
0.02	-0.793624	-0.451559	0	-0.2246	-0.38179	0	0.2246	0.38179	0	0.793624	0.451559	0	-1008.6
0.03	-0.594964	-0.331259	0	-0.131721	-0.447021	0	0.131721	0.447021	0	0.594964	0.331259	0	-1126.85
0.04	-0.379087	-0.199733	0	-0.0344939	-0.505454	0	0.0344939	0.505454	0	0.379087	0.199733	0	-1333.4
0.05	-0.159484	-0.0653349	0	0.0638796	-0.557911	0	-0.0638796	0.557911	0	0.159484	0.0653349	0	-1738.96
0.06	0.0605714	0.0694875	0	0.161473	-0.60304	0	-0.161473	0.60304	0	-0.0605714	-0.0694875	0	-2215.33
0.07	0.280505	0.203825	0	0.256198	-0.637512	0	-0.256198	0.637512	0	-0.280505	-0.203825	0	-1009.61
0.08	0.498388	0.335872	0	0.344892	-0.656285	0	-0.344892	0.656285	0	-0.498388	-0.335872	0	-652.952
0.09	0.704974	0.459474	0	0.422704	-0.653327	0	-0.422704	0.653327	0	-0.704974	-0.459474	0	-557.952
0.1	0.874997	0.55937	0	0.482854	-0.623442	0	-0.482854	0.623442	0	-0.874997	-0.55937	0	-693.076
0.11	0.967191	0.61169	0	0.517812	-0.565091	0	-0.517812	0.565091	0	-0.967191	-0.61169	0	-877.274
0.12	0.948999	0.598537	0	0.52301	-0.482365	0	-0.52301	0.482365	0	-0.948999	-0.598537	0	-837.347
0.13	0.827835	0.525519	0	0.500782	-0.383409	0	-0.500782	0.383409	0	-0.827835	-0.525519	0	-685.487
0.14	0.643166	0.416259	0	0.45929	-0.276201	0	-0.45929	0.276201	0	-0.643166	-0.416259	0	-767.854
0.15	0.432239	0.292375	0	0.407346	-0.165818	0	-0.407346	0.165818	0	-0.432239	-0.292375	0	-1305
0.16	0.21428	0.164748	0	0.350925	-0.0545527	0	-0.350925	0.0545527	0	-0.21428	-0.164748	0	-2627.77
0.17	-0.00471998	0.0366214	0	0.292917	0.0568365	0	-0.292917	-0.0568365	0	0.00471998	-0.0366214	0	-5953.94
0.18	-0.223735	-0.0915154	0	0.234282	0.168111	0	-0.234282	-0.168111	0	0.223735	0.0915154	0	-7126.19
0.19	-0.442004	-0.219255	0	0.174954	0.278907	0	-0.174954	-0.278907	0	0.442004	0.219255	0	-2139
0.2	-0.654693	-0.343762	0	0.113935	0.3879	0	-0.113935	-0.3879	0	0.654693	0.343762	0	-1050.44
0.21	-0.844969	-0.455035	0	0.0490937	0.491496	0	-0.0490937	-0.491496	0	0.844969	0.455035	0	-796.095
0.22	-0.977807	-0.532203	0	-0.0221875	0.582809	0	0.0221875	-0.582809	0	0.977807	0.532203	0	-875.17
0.23	-1.01206	-0.550779	0	-0.100787	0.652852	0	0.100787	-0.652852	0	1.01206	0.550779	0	-913.228
0.24	-0.93415	-0.502827	0	-0.183492	0.694575	0	0.183492	-0.694575	0	0.93415	0.502827	0	-733.144
0.25	-0.772025	-0.405335	0	-0.263887	0.705925	0	0.263887	-0.705925	0	0.772025	0.405335	0	-571.887
0.26	-0.567256	-0.283431	0	-0.335915	0.688809	0	0.335915	-0.688809	0	0.567256	0.283431	0	-614.484
0.27	-0.347504	-0.153781	0	-0.396056	0.646768	0	0.396056	-0.646768	0	0.347504	0.153781	0	-866.234
0.28	-0.123924	-0.0229489	0	-0.443227	0.583918	0	0.443227	-0.583918	0	0.123924	0.0229489	0	-1644.15
0.29	0.100501	0.107613	0	-0.477873	0.504631	0	0.477873	-0.504631	0	-0.100501	-0.107613	0	-1552.61
0.3	0.324543	0.237731	0	-0.501007	0.413159	0	0.501007	-0.413159	0	-0.324543	-0.237731	0	-978.522
0.31	0.544786	0.366068	0	-0.513153	0.313304	0	0.513153	-0.313304	0	-0.544786	-0.366068	0	-792.368
0.32	0.748724	0.485805	0	-0.51309	0.208593	0	0.51309	-0.208593	0	-0.748724	-0.485805	0	-772.869
0.33	0.906488	0.579343	0	-0.496998	0.103011	0	0.496998	-0.103011	0	-0.906488	-0.579343	0	-946.097
0.34	0.975552	0.620618	0	-0.459862	0.00128712	0	0.459862	-0.00128712	0	-0.975552	-0.620618	0	-1126.74
0.35	0.930965	0.593274	0	-0.399938	-0.0927007	0	0.399938	0.0927007	0	-0.930965	-0.593274	0	-1097.77
0.36	0.790998	0.507068	0	-0.321722	-0.178227	0	0.321722	0.178227	0	-0.790998	-0.507068	0	-1082.33
0.37	0.598274	0.387378	0	-0.232852	-0.257424	0	0.232852	0.257424	0	-0.598274	-0.387378	0	-1444.57
0.38	0.386242	0.254806	0	-0.139357	-0.332896	0	0.139357	0.332896	0	-0.386242	-0.254806	0	-2223.4
0.39	0.169858	0.118945	0	-0.0442941	-0.406111	0	0.0442941	0.406111	0	-0.169858	-0.118945	0	-2409.13
0.4	-0.0470066	-0.0174675	0	0.0511256	-0.477036	0	-0.0511256	0.477036	0	0.0470066	0.0174675	0	-3779.1
0.41	-0.263795	-0.153798	0	0.146092	-0.54404	0	-0.146092	0.54404	0	0.263795	0.153798	0	-1320.46
0.42	-0.479208	-0.288878	0	0.239149	-0.603412	0	-0.239149	0.603412	0	0.479208	0.288878	0	-766.358
0.43	-0.68594	-0.417835	0	0.327229	-0.648761	0	-0.327229	0.648761	0	0.68594	0.417835	0	-567.727
0.44	-0.861947	-0.527136	0	0.404661	-0.671361	0	-0.404661	0.671361	0	0.861947	0.527136	0	-655.193
0.45	-0.967568	-0.59333	0	0.463232	-0.662807	0	-0.463232	0.662807	0	0.967568	0.59333	0	-858.918
0.46	-0.965851	-0.595374	0	0.495176	-0.619747	0	-0.495176	0.619747	0	0.965851	0.595374	0	-857.56
0.47	-0.8565	-0.534236	0	0.498314	-0.546681	0	-0.498314	0.546681	0	0.8565	0.534236	0	-663.374
0.48	-0.676083	-0.432126	0	0.477778	-0.453151	0	-0.477778	0.453151	0	0.676083	0.432126	0	-614.628
0.49	-0.464271	-0.312381	0	0.442065	-0.348417	0	-0.442065	0.348417	0	0.464271	0.312381	0	-897.825
0.5	-0.243361	-0.18779	0	0.398465	-0.23864	0	-0.398465	0.23864	0	0.243361	0.18779	0	-1625.46
0.51	-0.0209319	-0.0624948	0	0.351406	-0.126991	0	-0.351406	0.126991	0	0.0209319	0.0624948	0	-3810.45
0.52	0.20155	0.0628481	0	0.302923	-0.0148055	0	-0.302923	0.0148055	0	-0.20155	-0.0628481	0	-4794.64
0.53	0.42343	0.18802	0	0.253557	0.0973751	0	-0.253557	-0.0973751	0	-0.42343	-0.18802	0	-3003.21
0.54	0.640685	0.311075	0	0.202695	0.208893	0	-0.202695	-0.208893	0	-0.640685	-0.311075	0	-1363.99
0.55	0.838209	0.424029	0	0.148312	0.317936	0	-0.148312	-0.317936	0	-0.838209	-0.424029	0	-957.297
0.56	0.982406	0.508407	0	0.087146	0.420557	0	-0.087146	-0.420557	0	-0.982406	-0.508407	0	-962.534
0.57	1.03016	0.539754	0	0.0164141	0.510947	0	-0.0164141	-0.510947	0	-1.03016	-0.539754	0	-993.817
0.58	0.96229	0.506287	0	-0.063386	0.583905	0	0.063386	-0.583905	0	-0.96229	-0.506287	0	-812.362
0.59	0.803411	0.420854	0	-0.147881	0.637092	0	0.147881	-0.637092	0	-0.803411	-0.420854	0	-621.443
0.6	0.596755	0.307578	0	-0.231361	0.670142	0	0.231361	-0.670142	0	-0.596755	-0.307578	0	-627.313
0.61	0.373015	0.184182	0	-0.308959	0.682605	0	0.308959	-0.682605	0	-0.373015	-0.184182	0	-823.218
0.62	0.145039	0.0584409	0	-0.376964	0.673538	0	0.376964	-0.673538	0	-0.145039	-0.0584409	0	-1391.01
0.63	-0.083765	-0.0674554	0	-0.4326	0.642448	0	0.4326	-0.642448	0	0.083765	0.0674554	0	-1742.85
0.64	-0.312197	-0.192988	0	-0.473984	0.590206	0	0.473984	-0.590206	0	0.312197	0.192988	0	-884.488
0.65	-0.537222	-0.317088	0	-0.499934	0.519239	0	0.499934	-0.519239	0	0.537222	0.317088	0	-665.829
0.66	-0.747599	-0.434512	0	-0.50922	0.433179	0	0.50922	-0.433179	0	0.747599	0.434512	0	-629.366
0.67	-0.915326	-0.530741	0	-0.499653	0.336519	0	0.499653	-0.336519	0	0.915326	0.530741	0	-791.872
0.68	-0.997809	-0.582383	0	-0.46858	0.234395	0	0.46858	-0.234395	0	0.997809	0.582383	0	-993.406
0.69	-0.96558	-0.571897	0	-0.415833	0.131697	0	0.415833	-0.131697	0	0.96558	0.571897	0	-995.337
0.7	-0.831689	-0.504673	0	-0.346059	0.0313904	0	0.346059	-0.0313904	0	0.831689	0.504673	0	-964.459
0.71	-0.638328	-0.403103	0	-0.266417	-0.0660927	0	0.266417	0.0660927	0	0.638328	0.403103	0	-1274.42
0.72	-0.421856	-0.287485	0	-0.182574	-0.161686	0	0.182574	0.161686	0	0.421856	0.287485	0	-2309.08
0.73	-0.199761	-0.16809	0	-0.0974058	-0.256328	0	0.0974058	0.256328	0	0.199761	0.16809	0	-4503.9
0.74	0.0230142	-0.0480844	0	-0.0118985	-0.350333	0	0.0118985	0.350333	0	-0.0230142	0.0480844	0	-4503.85
0.75	0.245775	0.0719891	0	0.0736222	-0.443136	0	-0.0736222	0.443136	0	-0.245775	-0.0719891	0	-1769.04
0.76	0.467686	0.191683	0	0.158596	-0.532681	0	-0.158596	0.532681	0	-0.467686	-0.191683	0	-939.825
0.77	0.683183	0.308384	0	0.241357	-0.614235	0	-0.241357	0.614235	0	-0.683183	-0.308384	0	-607.09
0.78	0.873441	0.413216	0	0.317951	-0.67933	0	-0.317951	0.67933	0	-0.873441	-0.413216	0	-611.451
0.79	1.00059	0.488083	0	0.381391	-0.716556	0	-0.381391	0.716556	0	-1.00059	-0.488083	0	-815.64
0.8	1.02241	0.512454	0	0.423321	-0.715979	0	-0.423321	0.715979	0	-1.02241	-0.512454	0	-889.116
0.81	0.928076	0.480585	0	0.438804	-0.675366	0	-0.438804	0.675366	0	-0.928076	-0.480585	0	-707.117
0.82	0.749606	0.407494	0	0.429866	-0.601778	0	-0.429866	0.601778	0	-0.749606	-0.407494	0	-569.513
0.83	0.530581	0.314203	0	0.403491	-0.506614	0	-0.403491	0.506614	0	-0.530581	-0.314203	0	-709.155
0.84	0.298689	0.214319	0	0.36707	-0.399908	0	-0.36707	0.399908	0	-0.298689	-0.214319	0	-1206.95
0.85	0.0644204	0.11311	0	0.325798	-0.288076	0	-0.325798	0.288076	0	-0.0644204	-0.11311	0	-2481.02
0.86	-0.169965	0.0117087	0	0.282463	-0.174363	0	-0.282463	0.174363	0	0.169965	-0.0117087	0	-3614.4
0.87	-0.403952	-0.0897477	0	0.238176	-0.0600929	0	-0.238176	0.0600929	0	0.403952	0.0897477	0	-2827.51
0.88	-0.634701	-0.190507	0	0.192907	0.0541955	0	-0.192907	-0.0541955	0	0.634701	0.190507	0	-1580.73
0.89	-0.849847	-0.286439	0	0.145519	0.167798	0	-0.145519	-0.167798	0	0.849847	0.286439	0	-1133.05
0.9	-1.01845	-0.366067	0	0.0938798	0.278967	0	-0.0938798	-0.278967	0	1.01845	0.366067	0	-1029.55
0.91	-1.0945	-0.411044	0	0.0358437	0.384485	0	-0.0358437	-0.384485	0	1.0945	0.411044	0	-1049.97
0.92	-1.0479	-0.407889	0	-0.0288836	0.480541	0	0.0288836	-0.480541	0	1.0479	0.407889	0	-893.046
0.93	-0.894584	-0.360982	0	-0.0978935	0.564281	0	0.0978935	-0.564281	0	0.894584	0.360982	0	-668.619
0.94	-0.679685	-0.287484	0	-0.167421	0.633783	0	0.167421	-0.633783	0	0.679685	0.287484	0	-621.902
0.95	-0.440728	-0.202749	0	-0.233801	0.686583	0	0.233801	-0.686583	0	0.440728	0.202749	0	-767.786
0.96	-0.195426	-0.114528	0	-0.293648	0.719041	0	0.293648	-0.719041	0	0.195426	0.114528	0	-1128.74
0.97	0.0509391	-0.0252571	0	-0.343697	0.727272	0	0.343697	-0.727272	0	-0.0509391	0.0252571	0	-2703.83
0.98	0.296798	0.0646382	0	-0.381051	0.708783	0	0.381051	-0.708783	0	-0.296798	-0.0646382	0	-951.417
0.99	0.539603	0.154941	0	-0.403586	0.663681	0	0.403586	-0.663681	0	-0.539603	-0.154941	0	-687.534
1	0.770129	0.243694	0	-0.409912	0.594766	0	0.409912	-0.594766	0	-0.770129	-0.243694	0	-602.826


