#Pohyb ctyr objektu 
#Pocatecni cas: 0
#Koncovy cas: 10
#Metoda Euler 
#Step: 0.0001
#Vypisuje po casech 0.01

#t 	 x1 	 y1 	 z1 	 x2 	 y2 	 z2 	 z1 	 z2 	 x3 	 y3 	 z3 	 x4 	 y4 	 z4 	 E 
0	-1	-0.577385	0	-0.372448	-0.219556	0	0.372448	0.219556	0	1	0.577385	0	-1212.59
0.01	-0.996434	-0.573112	0	-0.318673	-0.3135	0	0.318673	0.3135	0	0.996434	0.573112	0	-1203.05
0.02	-0.983945	-0.564901	0	-0.267052	-0.405864	0	0.267052	0.405864	0	0.983945	0.564901	0	-1180.59
0.03	-0.962418	-0.553741	0	-0.21898	-0.495407	0	0.21898	0.495407	0	0.962418	0.553741	0	-1153.86
0.04	-0.931946	-0.540559	0	-0.175395	-0.581401	0	0.175395	0.581401	0	0.931946	0.540559	0	-1129.11
0.05	-0.892758	-0.526173	0	-0.13676	-0.66334	0	0.13676	0.66334	0	0.892758	0.526173	0	-1109.19
0.06	-0.845154	-0.511294	0	-0.103211	-0.740775	0	0.103211	0.740775	0	0.845154	0.511294	0	-1095
0.07	-0.789462	-0.496538	0	-0.0746982	-0.813255	0	0.0746982	0.813255	0	0.789462	0.496538	0	-1086.66
0.08	-0.726017	-0.482446	0	-0.05107	-0.88031	0	0.05107	0.88031	0	0.726017	0.482446	0	-1084.1
0.09	-0.655152	-0.469498	0	-0.0321126	-0.941441	0	0.0321126	0.941441	0	0.655152	0.469498	0	-1087.26
0.1	-0.577196	-0.458117	0	-0.0175653	-0.99612	0	0.0175653	0.99612	0	0.577196	0.458117	0	-1096.19
0.11	-0.492488	-0.448654	0	-0.00711534	-1.04379	0	0.00711534	1.04379	0	0.492488	0.448654	0	-1110.97
0.12	-0.401403	-0.441354	0	-0.000380108	-1.08385	0	0.000380108	1.08385	0	0.401403	0.441354	0	-1131.39
0.13	-0.304416	-0.436283	0	0.00312126	-1.11572	0	-0.00312126	1.11572	0	0.304416	0.436283	0	-1156.36
0.14	-0.202235	-0.433245	0	0.00400117	-1.13878	0	-0.00400117	1.13878	0	0.202235	0.433245	0	-1182.63
0.15	-0.0960281	-0.431741	0	0.00303005	-1.15253	0	-0.00303005	1.15253	0	0.0960281	0.431741	0	-1203.42
0.16	0.0123496	-0.431173	0	0.00113189	-1.1566	0	-0.00113189	1.1566	0	-0.0123496	0.431173	0	-1210.15
0.17	0.120479	-0.431292	0	-0.000676028	-1.1509	0	0.000676028	1.1509	0	-0.120479	0.431292	0	-1199.15
0.18	0.226018	-0.432436	0	-0.00139103	-1.13559	0	0.00139103	1.13559	0	-0.226018	0.432436	0	-1175.78
0.19	0.32726	-0.435202	0	-0.000126062	-1.11109	0	0.000126062	1.11109	0	-0.32726	0.435202	0	-1148.68
0.2	0.423164	-0.440031	0	0.00384357	-1.07794	0	-0.00384357	1.07794	0	-0.423164	0.440031	0	-1123.86
0.21	0.513102	-0.447063	0	0.0110859	-1.03675	0	-0.0110859	1.03675	0	-0.513102	0.447063	0	-1103.96
0.22	0.596645	-0.456194	0	0.0220429	-0.988113	0	-0.0220429	0.988113	0	-0.596645	0.456194	0	-1089.8
0.23	0.673449	-0.467162	0	0.0370646	-0.932615	0	-0.0370646	0.932615	0	-0.673449	0.467162	0	-1081.44
0.24	0.743197	-0.479613	0	0.0564357	-0.8708	0	-0.0564357	0.8708	0	-0.743197	0.479613	0	-1078.79
0.25	0.80558	-0.493128	0	0.080392	-0.803176	0	-0.080392	0.803176	0	-0.80558	0.493128	0	-1081.79
0.26	0.860284	-0.50724	0	0.109123	-0.730221	0	-0.109123	0.730221	0	-0.860284	0.50724	0	-1090.5
0.27	0.906988	-0.52142	0	0.142756	-0.652382	0	-0.142756	0.652382	0	-0.906988	0.52142	0	-1104.99
0.28	0.945383	-0.535073	0	0.181312	-0.570079	0	-0.181312	0.570079	0	-0.945383	0.535073	0	-1125.11
0.29	0.975186	-0.547511	0	0.224617	-0.483729	0	-0.224617	0.483729	0	-0.975186	0.547511	0	-1149.9
0.3	0.996184	-0.557945	0	0.272163	-0.393805	0	-0.272163	0.393805	0	-0.996184	0.557945	0	-1176.29
0.31	1.0083	-0.565487	0	0.32296	-0.301016	0	-0.32296	0.301016	0	-1.0083	0.565487	0	-1197.8
0.32	1.01165	-0.569193	0	0.375581	-0.206604	0	-0.375581	0.206604	0	-1.01165	0.569193	0	-1205.74
0.33	1.00662	-0.568151	0	0.428595	-0.112492	0	-0.428595	0.112492	0	-1.00662	0.568151	0	-1195.87
0.34	0.99381	-0.561588	0	0.481115	-0.0208854	0	-0.481115	0.0208854	0	-0.99381	0.561588	0	-1173
0.35	0.973985	-0.548938	0	0.532832	0.0663975	0	-0.532832	-0.0663975	0	-0.973985	0.548938	0	-1145.81
0.36	0.947948	-0.529839	0	0.583658	0.148193	0	-0.583658	-0.148193	0	-0.947948	0.529839	0	-1120.57
0.37	0.916476	-0.504088	0	0.633453	0.223861	0	-0.633453	-0.223861	0	-0.916476	0.504088	0	-1100.13
0.38	0.88029	-0.471594	0	0.68196	0.293066	0	-0.68196	-0.293066	0	-0.88029	0.471594	0	-1085.36
0.39	0.840046	-0.43233	0	0.728822	0.355629	0	-0.728822	-0.355629	0	-0.840046	0.43233	0	-1076.33
0.4	0.796339	-0.386311	0	0.773608	0.411441	0	-0.773608	-0.411441	0	-0.796339	0.386311	0	-1072.96
0.41	0.749712	-0.333573	0	0.815836	0.460431	0	-0.815836	-0.460431	0	-0.749712	0.333573	0	-1075.16
0.42	0.700658	-0.274172	0	0.854975	0.502543	0	-0.854975	-0.502543	0	-0.700658	0.274172	0	-1082.99
0.43	0.649617	-0.208198	0	0.890443	0.537743	0	-0.890443	-0.537743	0	-0.649617	0.208198	0	-1096.54
0.44	0.596963	-0.135803	0	0.921601	0.566029	0	-0.921601	-0.566029	0	-0.596963	0.135803	0	-1115.77
0.45	0.542977	-0.0572826	0	0.947746	0.587455	0	-0.947746	-0.587455	0	-0.542977	0.0572826	0	-1140.01
0.46	0.487825	0.0267937	0	0.968113	0.602176	0	-0.968113	-0.602176	0	-0.487825	-0.0267937	0	-1166.84
0.47	0.43162	0.115372	0	0.9819	0.61049	0	-0.9819	-0.61049	0	-0.43162	-0.115372	0	-1190.62
0.48	0.374646	0.206754	0	0.988331	0.612894	0	-0.988331	-0.612894	0	-0.374646	-0.206754	0	-1202.74
0.49	0.317742	0.29879	0	0.986749	0.610092	0	-0.986749	-0.610092	0	-0.317742	-0.29879	0	-1197.19
0.5	0.262341	0.38952	0	0.976713	0.602947	0	-0.976713	-0.602947	0	-0.262341	-0.38952	0	-1176.8
0.51	0.209968	0.477651	0	0.958032	0.592384	0	-0.958032	-0.592384	0	-0.209968	-0.477651	0	-1150.1
0.52	0.161736	0.562471	0	0.930726	0.579288	0	-0.930726	-0.579288	0	-0.161736	-0.562471	0	-1124.18
0.53	0.118252	0.643533	0	0.894963	0.564454	0	-0.894963	-0.564454	0	-0.118252	-0.643533	0	-1102.59
0.54	0.0797563	0.720458	0	0.850991	0.548574	0	-0.850991	-0.548574	0	-0.0797563	-0.720458	0	-1086.52
0.55	0.0462741	0.792856	0	0.799092	0.532251	0	-0.799092	-0.532251	0	-0.0462741	-0.792856	0	-1076.17
0.56	0.0177159	0.860312	0	0.739562	0.516012	0	-0.739562	-0.516012	0	-0.0177159	-0.860312	0	-1071.45
0.57	-0.00607144	0.922378	0	0.672691	0.500326	0	-0.672691	-0.500326	0	0.00607144	-0.922378	0	-1072.28
0.58	-0.0252828	0.978575	0	0.598763	0.485609	0	-0.598763	-0.485609	0	0.0252828	-0.978575	0	-1078.66
0.59	-0.0401533	1.02839	0	0.518063	0.472218	0	-0.518063	-0.472218	0	0.0401533	-1.02839	0	-1090.69
0.6	-0.0509694	1.07127	0	0.430894	0.460432	0	-0.430894	-0.460432	0	0.0509694	-1.07127	0	-1108.42
0.61	-0.0580916	1.10664	0	0.337615	0.450398	0	-0.337615	-0.450398	0	0.0580916	-1.10664	0	-1131.42
0.62	-0.0619853	1.13391	0	0.238737	0.442053	0	-0.238737	-0.442053	0	0.0619853	-1.13391	0	-1157.89
0.63	-0.0632535	1.1525	0	0.1351	0.435053	0	-0.1351	-0.435053	0	0.0632535	-1.1525	0	-1183.19
0.64	-0.062657	1.16194	0	0.0281309	0.428831	0	-0.0281309	-0.428831	0	0.062657	-1.16194	0	-1199.22
0.65	-0.0610943	1.16194	0	-0.0800363	0.422955	0	0.0800363	-0.422955	0	0.0610943	-1.16194	0	-1198.44
0.66	-0.0595265	1.15246	0	-0.186954	0.417558	0	0.186954	-0.417558	0	0.0595265	-1.15246	0	-1181.1
0.67	-0.0588707	1.13371	0	-0.290573	0.413298	0	0.290573	-0.413298	0	0.0588707	-1.13371	0	-1155.01
0.68	-0.0599199	1.10611	0	-0.389568	0.410873	0	0.389568	-0.410873	0	0.0599199	-1.10611	0	-1128.11
0.69	-0.0633175	1.07017	0	-0.483168	0.410698	0	0.483168	-0.410698	0	0.0633175	-1.07017	0	-1104.87
0.7	-0.0695716	1.02642	0	-0.570893	0.412878	0	0.570893	-0.412878	0	0.0695716	-1.02642	0	-1086.95
0.71	-0.0790852	0.975417	0	-0.652389	0.417301	0	0.652389	-0.417301	0	0.0790852	-0.975417	0	-1074.71
0.72	-0.0921852	0.917664	0	-0.727341	0.423724	0	0.727341	-0.423724	0	0.0921852	-0.917664	0	-1068.09
0.73	-0.109144	0.853642	0	-0.795445	0.431824	0	0.795445	-0.431824	0	0.109144	-0.853642	0	-1066.97
0.74	-0.130191	0.783799	0	-0.85639	0.441229	0	0.85639	-0.441229	0	0.130191	-0.783799	0	-1071.33
0.75	-0.155513	0.708552	0	-0.909853	0.451516	0	0.909853	-0.451516	0	0.155513	-0.708552	0	-1081.24
0.76	-0.185231	0.62829	0	-0.955502	0.462211	0	0.955502	-0.462211	0	0.185231	-0.62829	0	-1096.8
0.77	-0.219352	0.543383	0	-0.993006	0.472767	0	0.993006	-0.472767	0	0.219352	-0.543383	0	-1117.86
0.78	-0.257676	0.454205	0	-1.02206	0.482551	0	1.02206	-0.482551	0	0.257676	-0.454205	0	-1143.3
0.79	-0.299657	0.361219	0	-1.04241	0.490828	0	1.04241	-0.490828	0	0.299657	-0.361219	0	-1169.8
0.8	-0.344276	0.265183	0	-1.05395	0.49676	0	1.05395	-0.49676	0	0.344276	-0.265183	0	-1190.47
0.81	-0.390147	0.167459	0	-1.05676	0.499451	0	1.05676	-0.499451	0	0.390147	-0.167459	0	-1196.66
0.82	-0.436017	0.0700922	0	-1.05113	0.498027	0	1.05113	-0.498027	0	0.436017	-0.0700922	0	-1184.99
0.83	-0.48126	-0.0246864	0	-1.03763	0.491743	0	1.03763	-0.491743	0	0.48126	0.0246864	0	-1161.05
0.84	-0.525792	-0.11512	0	-1.01693	0.480039	0	1.01693	-0.480039	0	0.525792	0.11512	0	-1133.54
0.85	-0.569677	-0.200122	0	-0.989769	0.462541	0	0.989769	-0.462541	0	0.569677	0.200122	0	-1108.35
0.86	-0.612873	-0.279098	0	-0.956856	0.439025	0	0.956856	-0.439025	0	0.612873	0.279098	0	-1088.04
0.87	-0.655194	-0.351729	0	-0.918854	0.409368	0	0.918854	-0.409368	0	0.655194	0.351729	0	-1073.32
0.88	-0.696341	-0.417831	0	-0.876369	0.373508	0	0.876369	-0.373508	0	0.696341	0.417831	0	-1064.21
0.89	-0.73594	-0.477276	0	-0.829951	0.331425	0	0.829951	-0.331425	0	0.73594	0.477276	0	-1060.58
0.9	-0.773562	-0.529961	0	-0.780099	0.283116	0	0.780099	-0.283116	0	0.773562	0.529961	0	-1062.33
0.91	-0.808732	-0.575791	0	-0.727269	0.228599	0	0.727269	-0.228599	0	0.808732	0.575791	0	-1069.52
0.92	-0.840925	-0.614683	0	-0.671865	0.167919	0	0.671865	-0.167919	0	0.840925	0.614683	0	-1082.26
0.93	-0.869563	-0.646574	0	-0.614234	0.101178	0	0.614234	-0.101178	0	0.869563	0.646574	0	-1100.62
0.94	-0.894001	-0.671439	0	-0.55464	0.0286009	0	0.55464	-0.0286009	0	0.894001	0.671439	0	-1124.15
0.95	-0.913528	-0.689333	0	-0.493251	-0.0493437	0	0.493251	0.0493437	0	0.913528	0.689333	0	-1151.01
0.96	-0.92738	-0.700429	0	-0.430188	-0.131748	0	0.430188	0.131748	0	0.92738	0.700429	0	-1176.42
0.97	-0.93478	-0.705075	0	-0.365733	-0.21709	0	0.365733	0.21709	0	0.93478	0.705075	0	-1192.15
0.98	-0.935026	-0.703825	0	-0.300704	-0.303352	0	0.300704	0.303352	0	0.935026	0.703825	0	-1190.8
0.99	-0.927585	-0.697415	0	-0.236596	-0.388616	0	0.236596	0.388616	0	0.927585	0.697415	0	-1173.02
1	-0.912147	-0.686683	0	-0.175107	-0.471621	0	0.175107	0.471621	0	0.912147	0.686683	0	-1146.77
1.01	-0.888617	-0.672464	0	-0.117561	-0.551732	0	0.117561	0.551732	0	0.888617	0.672464	0	-1119.92
1.02	-0.857059	-0.655533	0	-0.0647332	-0.628603	0	0.0647332	0.628603	0	0.857059	0.655533	0	-1096.78
1.03	-0.81763	-0.636577	0	-0.0169873	-0.701945	0	0.0169873	0.701945	0	0.81763	0.636577	0	-1078.92
1.04	-0.770538	-0.616196	0	0.0255595	-0.771442	0	-0.0255595	0.771442	0	0.770538	0.616196	0	-1066.67
1.05	-0.71601	-0.594919	0	0.0629188	-0.836733	0	-0.0629188	0.836733	0	0.71601	0.594919	0	-1059.93
1.06	-0.654273	-0.573214	0	0.0951688	-0.897416	0	-0.0951688	0.897416	0	0.654273	0.573214	0	-1058.57
1.07	-0.585551	-0.551502	0	0.122424	-0.953055	0	-0.122424	0.953055	0	0.585551	0.551502	0	-1062.57
1.08	-0.510065	-0.530153	0	0.14483	-1.00317	0	-0.14483	1.00317	0	0.510065	0.530153	0	-1071.99
1.09	-0.428043	-0.509476	0	0.162565	-1.04725	0	-0.162565	1.04725	0	0.428043	0.509476	0	-1086.99
1.1	-0.339751	-0.489683	0	0.175861	-1.08474	0	-0.175861	1.08474	0	0.339751	0.489683	0	-1107.5
1.11	-0.245556	-0.470834	0	0.185024	-1.11505	0	-0.185024	1.11505	0	0.245556	0.470834	0	-1132.7
1.12	-0.146059	-0.452763	0	0.190474	-1.13757	0	-0.190474	1.13757	0	0.146059	0.452763	0	-1159.81
1.13	-0.0423234	-0.435068	0	0.192774	-1.15173	0	-0.192774	1.15173	0	0.0423234	0.435068	0	-1182.63
1.14	0.0638934	-0.41732	0	0.192649	-1.15705	0	-0.192649	1.15705	0	-0.0638934	0.41732	0	-1192.38
1.15	0.170255	-0.399527	0	0.190951	-1.15326	0	-0.190951	1.15326	0	-0.170255	0.399527	0	-1184.05
1.16	0.274487	-0.382365	0	0.188578	-1.14032	0	-0.188578	1.14032	0	-0.274487	0.382365	0	-1161.8
1.17	0.374975	-0.366802	0	0.186378	-1.11843	0	-0.186378	1.11843	0	-0.374975	0.366802	0	-1134.39
1.18	0.470785	-0.353603	0	0.185079	-1.08794	0	-0.185079	1.08794	0	-0.470785	0.353603	0	-1108.44
1.19	0.561377	-0.34316	0	0.185284	-1.0493	0	-0.185284	1.0493	0	-0.561377	0.34316	0	-1087.02
1.2	0.646385	-0.335563	0	0.187477	-1.00295	0	-0.187477	1.00295	0	-0.646385	0.335563	0	-1071.07
1.21	0.725495	-0.330713	0	0.192058	-0.94936	0	-0.192058	0.94936	0	-0.725495	0.330713	0	-1060.68
1.22	0.798404	-0.328404	0	0.19936	-0.888958	0	-0.19936	0.888958	0	-0.798404	0.328404	0	-1055.7
1.23	0.864797	-0.328366	0	0.209669	-0.822149	0	-0.209669	0.822149	0	-0.864797	0.328366	0	-1056.04
1.24	0.924342	-0.330285	0	0.223229	-0.749311	0	-0.223229	0.749311	0	-0.924342	0.330285	0	-1061.68
1.25	0.976687	-0.333805	0	0.240243	-0.670795	0	-0.240243	0.670795	0	-0.976687	0.333805	0	-1072.76
1.26	1.02146	-0.338519	0	0.260841	-0.586931	0	-0.260841	0.586931	0	-1.02146	0.338519	0	-1089.38
1.27	1.05829	-0.343953	0	0.285032	-0.498041	0	-0.285032	0.498041	0	-1.05829	0.343953	0	-1111.36
1.28	1.08681	-0.349545	0	0.312605	-0.404482	0	-0.312605	0.404482	0	-1.08681	0.349545	0	-1137.45
1.29	1.10671	-0.354625	0	0.342999	-0.306754	0	-0.342999	0.306754	0	-1.10671	0.354625	0	-1164
1.3	1.11779	-0.358417	0	0.37522	-0.205743	0	-0.37522	0.205743	0	-1.11779	0.358417	0	-1183.71
1.31	1.12002	-0.360068	0	0.408033	-0.103021	0	-0.408033	0.103021	0	-1.12002	0.360068	0	-1188.05
1.32	1.11363	-0.358729	0	0.440515	-0.000801943	0	-0.440515	0.000801943	0	-1.11363	0.358729	0	-1174.55
1.33	1.09906	-0.353651	0	0.472435	0.098664	0	-0.472435	-0.098664	0	-1.09906	0.353651	0	-1149.59
1.34	1.07687	-0.344247	0	0.504025	0.193717	0	-0.504025	-0.193717	0	-1.07687	0.344247	0	-1121.82
1.35	1.04773	-0.330099	0	0.535538	0.283371	0	-0.535538	-0.283371	0	-1.04773	0.330099	0	-1096.73
1.36	1.01226	-0.310923	0	0.567048	0.367091	0	-0.567048	-0.367091	0	-1.01226	0.310923	0	-1076.58
1.37	0.971071	-0.286537	0	0.598447	0.444575	0	-0.598447	-0.444575	0	-0.971071	0.286537	0	-1061.96
1.38	0.924706	-0.256817	0	0.629501	0.515621	0	-0.629501	-0.515621	0	-0.924706	0.256817	0	-1052.82
1.39	0.87367	-0.221682	0	0.659893	0.580071	0	-0.659893	-0.580071	0	-0.87367	0.221682	0	-1048.99
1.4	0.818421	-0.181071	0	0.689253	0.637776	0	-0.689253	-0.637776	0	-0.818421	0.181071	0	-1050.37
1.41	0.759376	-0.134946	0	0.717164	0.688586	0	-0.717164	-0.688586	0	-0.759376	0.134946	0	-1057.01
1.42	0.696906	-0.0832942	0	0.743166	0.732351	0	-0.743166	-0.732351	0	-0.696906	0.0832942	0	-1069.04
1.43	0.63133	-0.0261571	0	0.766746	0.768927	0	-0.766746	-0.768927	0	-0.63133	0.0261571	0	-1086.58
1.44	0.562904	0.0363107	0	0.787324	0.798194	0	-0.787324	-0.798194	0	-0.562904	-0.0363107	0	-1109.4
1.45	0.491814	0.10373	0	0.80425	0.820083	0	-0.80425	-0.820083	0	-0.491814	-0.10373	0	-1136.09
1.46	0.418227	0.175324	0	0.816803	0.83462	0	-0.816803	-0.83462	0	-0.418227	-0.175324	0	-1162.63
1.47	0.342496	0.249742	0	0.824217	0.84198	0	-0.824217	-0.84198	0	-0.342496	-0.249742	0	-1181.37
1.48	0.265529	0.325147	0	0.825747	0.842533	0	-0.825747	-0.842533	0	-0.265529	-0.325147	0	-1184
1.49	0.188958	0.399769	0	0.82076	0.83685	0	-0.82076	-0.83685	0	-0.188958	-0.399769	0	-1169.06
1.5	0.114695	0.4725	0	0.80881	0.825646	0	-0.80881	-0.825646	0	-0.114695	-0.4725	0	-1143.58
1.51	0.0442812	0.54288	0	0.789656	0.809684	0	-0.789656	-0.809684	0	-0.0442812	-0.54288	0	-1116.03
1.52	-0.0213391	0.610738	0	0.763221	0.789704	0	-0.763221	-0.789704	0	0.0213391	-0.610738	0	-1091.5
1.53	-0.081684	0.675917	0	0.729543	0.766377	0	-0.729543	-0.766377	0	0.081684	-0.675917	0	-1072
1.54	-0.136544	0.738195	0	0.688722	0.740304	0	-0.688722	-0.740304	0	0.136544	-0.738195	0	-1058
1.55	-0.185849	0.79728	0	0.640892	0.712014	0	-0.640892	-0.712014	0	0.185849	-0.79728	0	-1049.41
1.56	-0.229595	0.852823	0	0.586198	0.681982	0	-0.586198	-0.681982	0	0.229595	-0.852823	0	-1046.08
1.57	-0.267811	0.904431	0	0.524784	0.650633	0	-0.524784	-0.650633	0	0.267811	-0.904431	0	-1047.91
1.58	-0.300544	0.951671	0	0.456795	0.618347	0	-0.456795	-0.618347	0	0.300544	-0.951671	0	-1054.96
1.59	-0.327859	0.994066	0	0.38238	0.585454	0	-0.38238	-0.585454	0	0.327859	-0.994066	0	-1067.37
1.6	-0.349853	1.0311	0	0.301713	0.552213	0	-0.301713	-0.552213	0	0.349853	-1.0311	0	-1085.26
1.61	-0.366672	1.06219	0	0.215045	0.518772	0	-0.215045	-0.518772	0	0.366672	-1.06219	0	-1108.39
1.62	-0.37854	1.08674	0	0.122798	0.48512	0	-0.122798	-0.48512	0	0.37854	-1.08674	0	-1135.3
1.63	-0.385802	1.10411	0	0.0257545	0.451048	0	-0.0257545	-0.451048	0	0.385802	-1.10411	0	-1161.86
1.64	-0.388952	1.1137	0	-0.0747014	0.41627	0	0.0747014	-0.41627	0	0.388952	-1.1137	0	-1180.3
1.65	-0.388653	1.11502	0	-0.176505	0.380796	0	0.176505	-0.380796	0	0.388653	-1.11502	0	-1182.39
1.66	-0.385694	1.10775	0	-0.277353	0.345327	0	0.277353	-0.345327	0	0.385694	-1.10775	0	-1166.98
1.67	-0.380908	1.09182	0	-0.375428	0.311096	0	0.375428	-0.311096	0	0.380908	-1.09182	0	-1141.28
1.68	-0.375079	1.06735	0	-0.469664	0.279276	0	0.469664	-0.279276	0	0.375079	-1.06735	0	-1113.72
1.69	-0.368896	1.03462	0	-0.559501	0.250624	0	0.559501	-0.250624	0	0.368896	-1.03462	0	-1089.26
1.7	-0.362937	0.99395	0	-0.644596	0.225494	0	0.644596	-0.225494	0	0.362937	-0.99395	0	-1069.84
1.71	-0.35769	0.945697	0	-0.724663	0.203971	0	0.724663	-0.203971	0	0.35769	-0.945697	0	-1055.89
1.72	-0.353563	0.890217	0	-0.799413	0.185985	0	0.799413	-0.185985	0	0.353563	-0.890217	0	-1047.32
1.73	-0.350912	0.827848	0	-0.868537	0.171384	0	0.868537	-0.171384	0	0.350912	-0.827848	0	-1043.96
1.74	-0.350047	0.758907	0	-0.931701	0.159967	0	0.931701	-0.159967	0	0.350047	-0.758907	0	-1045.73
1.75	-0.35124	0.683691	0	-0.988541	0.151501	0	0.988541	-0.151501	0	0.35124	-0.683691	0	-1052.66
1.76	-0.354713	0.602477	0	-1.03867	0.145717	0	1.03867	-0.145717	0	0.354713	-0.602477	0	-1064.92
1.77	-0.360613	0.515533	0	-1.08167	0.142302	0	1.08167	-0.142302	0	0.360613	-0.515533	0	-1082.62
1.78	-0.368955	0.423144	0	-1.1171	0.140876	0	1.1171	-0.140876	0	0.368955	-0.423144	0	-1105.54
1.79	-0.37953	0.325674	0	-1.14453	0.140974	0	1.14453	-0.140974	0	0.37953	-0.325674	0	-1132.25
1.8	-0.391796	0.223717	0	-1.16355	0.142018	0	1.16355	-0.142018	0	0.391796	-0.223717	0	-1158.7
1.81	-0.404867	0.118364	0	-1.17385	0.14331	0	1.17385	-0.14331	0	0.404867	-0.118364	0	-1177.18
1.82	-0.417814	0.011449	0	-1.17528	0.144054	0	1.17528	-0.144054	0	0.417814	-0.011449	0	-1179.4
1.83	-0.430225	-0.0946635	0	-1.16792	0.143425	0	1.16792	-0.143425	0	0.430225	0.0946635	0	-1163.98
1.84	-0.442396	-0.197797	0	-1.15207	0.140663	0	1.15207	-0.140663	0	0.442396	0.197797	0	-1138.09
1.85	-0.454922	-0.296478	0	-1.12818	0.135136	0	1.12818	-0.135136	0	0.454922	0.296478	0	-1110.18
1.86	-0.468262	-0.389877	0	-1.09677	0.12636	0	1.09677	-0.12636	0	0.468262	0.389877	0	-1085.31
1.87	-0.482607	-0.477543	0	-1.0584	0.113974	0	1.0584	-0.113974	0	0.482607	0.477543	0	-1065.46
1.88	-0.497927	-0.559198	0	-1.01358	0.0977128	0	1.01358	-0.0977128	0	0.497927	0.559198	0	-1051.05
1.89	-0.514056	-0.634627	0	-0.962794	0.0773744	0	0.962794	-0.0773744	0	0.514056	0.634627	0	-1041.98
1.9	-0.530742	-0.703633	0	-0.906495	0.052799	0	0.906495	-0.052799	0	0.530742	0.703633	0	-1038.06
1.91	-0.547679	-0.766015	0	-0.845086	0.0238551	0	0.845086	-0.0238551	0	0.547679	0.766015	0	-1039.2
1.92	-0.564524	-0.821561	0	-0.778939	-0.00956566	0	0.778939	0.00956566	0	0.564524	0.821561	0	-1045.41
1.93	-0.58089	-0.870045	0	-0.708385	-0.0475411	0	0.708385	0.0475411	0	0.58089	0.870045	0	-1056.86
1.94	-0.596343	-0.911237	0	-0.633714	-0.0900944	0	0.633714	0.0900944	0	0.596343	0.911237	0	-1073.7
1.95	-0.610388	-0.94491	0	-0.555169	-0.137139	0	0.555169	0.137139	0	0.610388	0.94491	0	-1095.84
1.96	-0.622455	-0.970864	0	-0.47296	-0.188381	0	0.47296	0.188381	0	0.622455	0.970864	0	-1122.21
1.97	-0.631888	-0.988966	0	-0.387329	-0.24316	0	0.387329	0.24316	0	0.631888	0.988966	0	-1149.43
1.98	-0.637958	-0.999199	0	-0.298759	-0.300302	0	0.298759	0.300302	0	0.637958	0.999199	0	-1170.49
1.99	-0.639907	-1.00172	0	-0.208323	-0.358207	0	0.208323	0.358207	0	0.639907	1.00172	0	-1176.61
2	-0.637022	-0.996903	0	-0.117854	-0.415378	0	0.117854	0.415378	0	0.637022	0.996903	0	-1164.52
2.01	-0.628725	-0.985289	0	-0.0294785	-0.471009	0	0.0294785	0.471009	0	0.628725	0.985289	0	-1140.07
2.02	-0.614616	-0.967528	0	0.0550793	-0.524947	0	-0.0550793	0.524947	0	0.614616	0.967528	0	-1112.09
2.03	-0.59446	-0.94429	0	0.134751	-0.577277	0	-0.134751	0.577277	0	0.59446	0.94429	0	-1086.4
2.04	-0.568145	-0.916212	0	0.208972	-0.628029	0	-0.208972	0.628029	0	0.568145	0.916212	0	-1065.47
2.05	-0.535643	-0.883873	0	0.277461	-0.677103	0	-0.277461	0.677103	0	0.535643	0.883873	0	-1049.92
2.06	-0.49697	-0.847797	0	0.340079	-0.724295	0	-0.340079	0.724295	0	0.49697	0.847797	0	-1039.7
2.07	-0.452168	-0.808453	0	0.396746	-0.769321	0	-0.396746	0.769321	0	0.452168	0.808453	0	-1034.63
2.08	-0.401288	-0.766262	0	0.447405	-0.811845	0	-0.447405	0.811845	0	0.401288	0.766262	0	-1034.56
2.09	-0.344384	-0.721605	0	0.492006	-0.851488	0	-0.492006	0.851488	0	0.344384	0.721605	0	-1039.5
2.1	-0.28152	-0.674819	0	0.530505	-0.887827	0	-0.530505	0.887827	0	0.28152	0.674819	0	-1049.57
2.11	-0.212777	-0.626184	0	0.562867	-0.920397	0	-0.562867	0.920397	0	0.212777	0.626184	0	-1064.97
2.12	-0.138301	-0.575905	0	0.589079	-0.948678	0	-0.589079	0.948678	0	0.138301	0.575905	0	-1085.73
2.13	-0.0583695	-0.524076	0	0.609178	-0.972095	0	-0.609178	0.972095	0	0.0583695	0.524076	0	-1111.24
2.14	0.0264557	-0.470659	0	0.623279	-0.990019	0	-0.623279	0.990019	0	-0.0264557	0.470659	0	-1139.02
2.15	0.115116	-0.415553	0	0.631621	-1.00179	0	-0.631621	1.00179	0	-0.115116	0.415553	0	-1163.26
2.16	0.205896	-0.358878	0	0.634606	-1.00676	0	-0.634606	1.00676	0	-0.205896	0.358878	0	-1175.12
2.17	0.29666	-0.301406	0	0.632809	-1.00441	0	-0.632809	1.00441	0	-0.29666	0.301406	0	-1168.71
2.18	0.385555	-0.244607	0	0.62694	-0.994363	0	-0.62694	0.994363	0	-0.385555	0.244607	0	-1147.29
2.19	0.471485	-0.190079	0	0.617753	-0.976478	0	-0.617753	0.976478	0	-0.471485	0.190079	0	-1119.68
2.2	0.553966	-0.139001	0	0.605972	-0.950778	0	-0.605972	0.950778	0	-0.553966	0.139001	0	-1092.91
2.21	0.632761	-0.0920402	0	0.592242	-0.917405	0	-0.592242	0.917405	0	-0.632761	0.0920402	0	-1070.37
2.22	0.707673	-0.0494908	0	0.577127	-0.876565	0	-0.577127	0.876565	0	-0.707673	0.0494908	0	-1053.1
2.23	0.778473	-0.0114377	0	0.56111	-0.828493	0	-0.56111	0.828493	0	-0.778473	0.0114377	0	-1041.18
2.24	0.844886	0.0221447	0	0.544614	-0.773425	0	-0.544614	0.773425	0	-0.844886	-0.0221447	0	-1034.44
2.25	0.906599	0.0513368	0	0.528012	-0.711592	0	-0.528012	0.711592	0	-0.906599	-0.0513368	0	-1032.71
2.26	0.963261	0.0762483	0	0.511636	-0.643209	0	-0.511636	0.643209	0	-0.963261	-0.0762483	0	-1035.94
2.27	1.01449	0.0970105	0	0.495776	-0.568479	0	-0.495776	0.568479	0	-1.01449	-0.0970105	0	-1044.21
2.28	1.05985	0.11378	0	0.480672	-0.487596	0	-0.480672	0.487596	0	-1.05985	-0.11378	0	-1057.71
2.29	1.0989	0.126751	0	0.466479	-0.400766	0	-0.466479	0.400766	0	-1.0989	-0.126751	0	-1076.58
2.3	1.13114	0.136174	0	0.45322	-0.308246	0	-0.45322	0.308246	0	-1.13114	-0.136174	0	-1100.5
2.31	1.15606	0.142386	0	0.440702	-0.210438	0	-0.440702	0.210438	0	-1.15606	-0.142386	0	-1127.84
2.32	1.17316	0.145837	0	0.428457	-0.108078	0	-0.428457	0.108078	0	-1.17316	-0.145837	0	-1154.05
2.33	1.182	0.147111	0	0.415833	-0.00251062	0	-0.415833	0.00251062	0	-1.182	-0.147111	0	-1170.99
2.34	1.18229	0.146917	0	0.402401	0.104188	0	-0.402401	-0.104188	0	-1.18229	-0.146917	0	-1170.75
2.35	1.17392	0.146034	0	0.388438	0.209636	0	-0.388438	-0.209636	0	-1.17392	-0.146034	0	-1153.3
2.36	1.15704	0.14522	0	0.374843	0.311911	0	-0.374843	-0.311911	0	-1.15704	-0.14522	0	-1126.52
2.37	1.13192	0.145144	0	0.362576	0.409858	0	-0.362576	-0.409858	0	-1.13192	-0.145144	0	-1098.6
2.38	1.09895	0.146357	0	0.352273	0.502879	0	-0.352273	-0.502879	0	-1.09895	-0.146357	0	-1074.09
2.39	1.05855	0.1493	0	0.344224	0.590642	0	-0.344224	-0.590642	0	-1.05855	-0.1493	0	-1054.65
2.4	1.01114	0.154325	0	0.338477	0.672909	0	-0.338477	-0.672909	0	-1.01114	-0.154325	0	-1040.58
2.41	0.957113	0.161718	0	0.334933	0.749458	0	-0.334933	-0.749458	0	-0.957113	-0.161718	0	-1031.71
2.42	0.896839	0.171723	0	0.333418	0.82006	0	-0.333418	-0.82006	0	-0.896839	-0.171723	0	-1027.85
2.43	0.830655	0.184548	0	0.333707	0.884465	0	-0.333707	-0.884465	0	-0.830655	-0.184548	0	-1028.88
2.44	0.75887	0.200373	0	0.335544	0.9424	0	-0.335544	-0.9424	0	-0.75887	-0.200373	0	-1034.84
2.45	0.681759	0.219342	0	0.33864	0.99357	0	-0.33864	-0.99357	0	-0.681759	-0.219342	0	-1045.88
2.46	0.599571	0.241544	0	0.342664	1.03766	0	-0.342664	-1.03766	0	-0.599571	-0.241544	0	-1062.2
2.47	0.512529	0.266958	0	0.347233	1.07434	0	-0.347233	-1.07434	0	-0.512529	-0.266958	0	-1083.8
2.48	0.420864	0.295367	0	0.351887	1.10328	0	-0.351887	-1.10328	0	-0.420864	-0.295367	0	-1109.87
2.49	0.324906	0.326231	0	0.356078	1.1242	0	-0.356078	-1.1242	0	-0.324906	-0.326231	0	-1137.53
2.5	0.225298	0.358569	0	0.35916	1.13688	0	-0.35916	-1.13688	0	-0.225298	-0.358569	0	-1160.33
2.51	0.123332	0.391091	0	0.360408	1.14124	0	-0.360408	-1.14124	0	-0.123332	-0.391091	0	-1169.32
2.52	0.0210632	0.422718	0	0.359079	1.13743	0	-0.359079	-1.13743	0	-0.0210632	-0.422718	0	-1159.78
2.53	-0.079213	0.453121	0	0.354497	1.12576	0	-0.354497	-1.12576	0	0.079213	-0.453121	0	-1136.4
2.54	-0.175689	0.482597	0	0.346115	1.10673	0	-0.346115	-1.10673	0	0.175689	-0.482597	0	-1108.15
2.55	-0.267274	0.511576	0	0.333537	1.08087	0	-0.333537	-1.08087	0	0.267274	-0.511576	0	-1081.5
2.56	-0.353394	0.540321	0	0.316494	1.04876	0	-0.316494	-1.04876	0	0.353394	-0.540321	0	-1059.34
2.57	-0.433747	0.568885	0	0.294809	1.01091	0	-0.294809	-1.01091	0	0.433747	-0.568885	0	-1042.46
2.58	-0.508149	0.597164	0	0.268369	0.967812	0	-0.268369	-0.967812	0	0.508149	-0.597164	0	-1030.86
2.59	-0.576463	0.624959	0	0.237096	0.919913	0	-0.237096	-0.919913	0	0.576463	-0.624959	0	-1024.31
2.6	-0.638557	0.652005	0	0.200935	0.867609	0	-0.200935	-0.867609	0	0.638557	-0.652005	0	-1022.63
2.61	-0.694295	0.677995	0	0.15984	0.811263	0	-0.15984	-0.811263	0	0.694295	-0.677995	0	-1025.77
2.62	-0.743532	0.702583	0	0.113782	0.751194	0	-0.113782	-0.751194	0	0.743532	-0.702583	0	-1033.82
2.63	-0.786114	0.725383	0	0.0627508	0.687682	0	-0.0627508	-0.687682	0	0.786114	-0.725383	0	-1046.99
2.64	-0.821889	0.745961	0	0.00679106	0.620949	0	-0.00679106	-0.620949	0	0.821889	-0.745961	0	-1065.47
2.65	-0.850719	0.763823	0	-0.0539407	0.551149	0	0.0539407	-0.551149	0	0.850719	-0.763823	0	-1089.07
2.66	-0.872507	0.778406	0	-0.119061	0.478363	0	0.119061	-0.478363	0	0.872507	-0.778406	0	-1116.48
2.67	-0.887236	0.789081	0	-0.187783	0.402661	0	0.187783	-0.402661	0	0.887236	-0.789081	0	-1143.71
2.68	-0.895016	0.795171	0	-0.258748	0.324328	0	0.258748	-0.324328	0	0.895016	-0.795171	0	-1163.05
2.69	-0.896133	0.796005	0	-0.330137	0.244259	0	0.330137	-0.244259	0	0.896133	-0.796005	0	-1166
2.7	-0.891054	0.791004	0	-0.400266	0.16414	0	0.400266	-0.16414	0	0.891054	-0.791004	0	-1150.98
2.71	-0.880382	0.779745	0	-0.468193	0.0859556	0	0.468193	-0.0859556	0	0.880382	-0.779745	0	-1125.13
2.72	-0.864778	0.761986	0	-0.533657	0.0112969	0	0.533657	-0.0112969	0	0.864778	-0.761986	0	-1097.05
2.73	-0.844886	0.73763	0	-0.596669	-0.0588636	0	0.596669	0.0588636	0	0.844886	-0.73763	0	-1071.87
2.74	-0.821298	0.706685	0	-0.65722	-0.124027	0	0.65722	0.124027	0	0.821298	-0.706685	0	-1051.58
2.75	-0.794541	0.669219	0	-0.71521	-0.183964	0	0.71521	0.183964	0	0.794541	-0.669219	0	-1036.6
2.76	-0.765083	0.625328	0	-0.770447	-0.238582	0	0.770447	0.238582	0	0.765083	-0.625328	0	-1026.78
2.77	-0.733341	0.575123	0	-0.822674	-0.287849	0	0.822674	0.287849	0	0.733341	-0.575123	0	-1021.92
2.78	-0.699688	0.518712	0	-0.871584	-0.331756	0	0.871584	0.331756	0	0.699688	-0.518712	0	-1021.86
2.79	-0.664457	0.456199	0	-0.91683	-0.370307	0	0.91683	0.370307	0	0.664457	-0.456199	0	-1026.61
2.8	-0.627937	0.387684	0	-0.958025	-0.40351	0	0.958025	0.40351	0	0.627937	-0.387684	0	-1036.3
2.81	-0.590366	0.313277	0	-0.994741	-0.431387	0	0.994741	0.431387	0	0.590366	-0.313277	0	-1051.16
2.82	-0.551898	0.233124	0	-1.02651	-0.453985	0	1.02651	0.453985	0	0.551898	-0.233124	0	-1071.3
2.83	-0.51256	0.147473	0	-1.0528	-0.471398	0	1.0528	0.471398	0	0.51256	-0.147473	0	-1096.31
2.84	-0.472209	0.0567996	0	-1.07306	-0.483795	0	1.07306	0.483795	0	0.472209	-0.0567996	0	-1124.21
2.85	-0.430543	-0.0379816	0	-1.0867	-0.491457	0	1.0867	0.491457	0	0.430543	0.0379816	0	-1149.86
2.86	-0.387323	-0.135285	0	-1.09318	-0.49481	0	1.09318	0.49481	0	0.387323	0.135285	0	-1164.64
2.87	-0.34284	-0.232941	0	-1.09205	-0.49443	0	1.09205	0.49443	0	0.34284	0.232941	0	-1161.42
2.88	-0.298183	-0.328832	0	-1.08303	-0.491007	0	1.08303	0.491007	0	0.298183	0.328832	0	-1141.77
2.89	-0.254824	-0.42155	0	-1.06605	-0.48526	0	1.06605	0.48526	0	0.254824	0.42155	0	-1114.2
2.9	-0.213982	-0.510418	0	-1.04121	-0.477863	0	1.04121	0.477863	0	0.213982	0.510418	0	-1086.46
2.91	-0.176398	-0.595139	0	-1.00872	-0.46941	0	1.00872	0.46941	0	0.176398	0.595139	0	-1062.51
2.92	-0.142416	-0.675534	0	-0.968837	-0.460401	0	0.968837	0.460401	0	0.142416	0.675534	0	-1043.67
2.93	-0.112142	-0.751421	0	-0.921846	-0.451262	0	0.921846	0.451262	0	0.112142	0.751421	0	-1030.11
2.94	-0.085552	-0.822585	0	-0.868021	-0.442353	0	0.868021	0.442353	0	0.085552	0.822585	0	-1021.61
2.95	-0.0625558	-0.888778	0	-0.807628	-0.43399	0	0.807628	0.43399	0	0.0625558	0.888778	0	-1017.96
2.96	-0.0430289	-0.949717	0	-0.740908	-0.42645	0	0.740908	0.42645	0	0.0430289	0.949717	0	-1019.06
2.97	-0.0268249	-1.00508	0	-0.668084	-0.419976	0	0.668084	0.419976	0	0.0268249	1.00508	0	-1024.93
2.98	-0.0137759	-1.05453	0	-0.589356	-0.414771	0	0.589356	0.414771	0	0.0137759	1.05453	0	-1035.75
2.99	-0.00368497	-1.09769	0	-0.504913	-0.410978	0	0.504913	0.410978	0	0.00368497	1.09769	0	-1051.73
3	0.00368885	-1.13414	0	-0.414948	-0.408637	0	0.414948	0.408637	0	-0.00368885	1.13414	0	-1072.95
3.01	0.00865076	-1.16345	0	-0.319708	-0.407611	0	0.319708	0.407611	0	-0.00865076	1.16345	0	-1098.78
3.02	0.0115948	-1.1852	0	-0.21961	-0.40749	0	0.21961	0.40749	0	-0.0115948	1.1852	0	-1126.69
3.03	0.0130256	-1.199	0	-0.115469	-0.407536	0	0.115469	0.407536	0	-0.0130256	1.199	0	-1150.74
3.04	0.0135625	-1.20454	0	-0.00879612	-0.406872	0	0.00879612	0.406872	0	-0.0135625	1.20454	0	-1161.96
3.05	0.0139072	-1.20171	0	0.0981889	-0.405007	0	-0.0981889	0.405007	0	-0.0139072	1.20171	0	-1154.6
3.06	0.0147722	-1.19057	0	0.203164	-0.402258	0	-0.203164	0.402258	0	-0.0147722	1.19057	0	-1132.28
3.07	0.0168025	-1.17138	0	0.304424	-0.399485	0	-0.304424	0.399485	0	-0.0168025	1.17138	0	-1103.95
3.08	0.0205318	-1.14452	0	0.40102	-0.397512	0	-0.40102	0.397512	0	-0.0205318	1.14452	0	-1076.59
3.09	0.026378	-1.1104	0	0.492479	-0.396845	0	-0.492479	0.396845	0	-0.026378	1.1104	0	-1053.46
3.1	0.0346629	-1.06946	0	0.578547	-0.397694	0	-0.578547	0.397694	0	-0.0346629	1.06946	0	-1035.52
3.11	0.0456368	-1.0221	0	0.659039	-0.400067	0	-0.659039	0.400067	0	-0.0456368	1.0221	0	-1022.79
3.12	0.0595004	-0.968712	0	0.733785	-0.403853	0	-0.733785	0.403853	0	-0.0595004	0.968712	0	-1015.03
3.13	0.0764216	-0.909631	0	0.802601	-0.408876	0	-0.802601	0.408876	0	-0.0764216	0.909631	0	-1012.02
3.14	0.0965457	-0.845175	0	0.865285	-0.414919	0	-0.865285	0.414919	0	-0.0965457	0.845175	0	-1013.68
3.15	0.119997	-0.775626	0	0.92161	-0.421735	0	-0.92161	0.421735	0	-0.119997	0.775626	0	-1020.05
3.16	0.146874	-0.701229	0	0.971331	-0.429044	0	-0.971331	0.429044	0	-0.146874	0.701229	0	-1031.33
3.17	0.177224	-0.622193	0	1.01418	-0.436531	0	-1.01418	0.436531	0	-0.177224	0.622193	0	-1047.74
3.18	0.210996	-0.53869	0	1.04988	-0.443827	0	-1.04988	0.443827	0	-0.210996	0.53869	0	-1069.38
3.19	0.247956	-0.45087	0	1.07817	-0.450497	0	-1.07817	0.450497	0	-0.247956	0.45087	0	-1095.58
3.2	0.287544	-0.358933	0	1.0988	-0.456027	0	-1.0988	0.456027	0	-0.287544	0.358933	0	-1123.8
3.21	0.328744	-0.263329	0	1.11161	-0.459813	0	-1.11161	0.459813	0	-0.328744	0.263329	0	-1147.96
3.22	0.370143	-0.165101	0	1.11657	-0.461188	0	-1.11657	0.461188	0	-0.370143	0.165101	0	-1159.07
3.23	0.410427	-0.0661117	0	1.11383	-0.45947	0	-1.11383	0.45947	0	-0.410427	0.0661117	0	-1151.51
3.24	0.449013	0.031375	0	1.10373	-0.454048	0	-1.10373	0.454048	0	-0.449013	-0.031375	0	-1129.12
3.25	0.486056	0.125464	0	1.08674	-0.444439	0	-1.08674	0.444439	0	-0.486056	-0.125464	0	-1100.89
3.26	0.521965	0.214971	0	1.06341	-0.430305	0	-1.06341	0.430305	0	-0.521965	-0.214971	0	-1073.72
3.27	0.557039	0.299272	0	1.03426	-0.411428	0	-1.03426	0.411428	0	-0.557039	-0.299272	0	-1050.8
3.28	0.59138	0.378055	0	0.999818	-0.387681	0	-0.999818	0.387681	0	-0.59138	-0.378055	0	-1033.04
3.29	0.624934	0.451149	0	0.96054	-0.358992	0	-0.96054	0.358992	0	-0.624934	-0.451149	0	-1020.47
3.3	0.65754	0.518439	0	0.916848	-0.325324	0	-0.916848	0.325324	0	-0.65754	-0.518439	0	-1012.82
3.31	0.688971	0.579823	0	0.869121	-0.286656	0	-0.869121	0.286656	0	-0.688971	-0.579823	0	-1009.9
3.32	0.718952	0.635199	0	0.817699	-0.242975	0	-0.817699	0.242975	0	-0.718952	-0.635199	0	-1011.6
3.33	0.747174	0.684453	0	0.762884	-0.194273	0	-0.762884	0.194273	0	-0.747174	-0.684453	0	-1017.98
3.34	0.77329	0.727466	0	0.704939	-0.140554	0	-0.704939	0.140554	0	-0.77329	-0.727466	0	-1029.22
3.35	0.796908	0.764113	0	0.644071	-0.0818508	0	-0.644071	0.0818508	0	-0.796908	-0.764113	0	-1045.58
3.36	0.817588	0.794281	0	0.580417	-0.018271	0	-0.580417	0.018271	0	-0.817588	-0.794281	0	-1067.15
3.37	0.834829	0.817887	0	0.514024	0.0499195	0	-0.514024	-0.0499195	0	-0.834829	-0.817887	0	-1093.33
3.38	0.848067	0.834906	0	0.444856	0.122145	0	-0.444856	-0.122145	0	-0.848067	-0.834906	0	-1121.66
3.39	0.85669	0.845416	0	0.372916	0.197317	0	-0.372916	-0.197317	0	-0.85669	-0.845416	0	-1146.2
3.4	0.860069	0.84964	0	0.298593	0.273744	0	-0.298593	-0.273744	0	-0.860069	-0.84964	0	-1157.96
3.41	0.857636	0.847973	0	0.223057	0.349486	0	-0.223057	-0.349486	0	-0.857636	-0.847973	0	-1151.05
3.42	0.848955	0.840957	0	0.148157	0.423095	0	-0.148157	-0.423095	0	-0.848955	-0.840957	0	-1128.98
3.43	0.833762	0.829216	0	0.0757154	0.493957	0	-0.0757154	-0.493957	0	-0.833762	-0.829216	0	-1100.75
3.44	0.81195	0.813376	0	0.00700399	0.561981	0	-0.00700399	-0.561981	0	-0.81195	-0.813376	0	-1073.4
3.45	0.783528	0.794016	0	-0.0572705	0.627205	0	0.0572705	-0.627205	0	-0.783528	-0.794016	0	-1050.22
3.46	0.748575	0.771657	0	-0.116771	0.689609	0	0.116771	-0.689609	0	-0.748575	-0.771657	0	-1032.18
3.47	0.707207	0.746752	0	-0.17136	0.749083	0	0.17136	-0.749083	0	-0.707207	-0.746752	0	-1019.31
3.48	0.659555	0.719704	0	-0.220992	0.80544	0	0.220992	-0.80544	0	-0.659555	-0.719704	0	-1011.36
3.49	0.605748	0.690869	0	-0.265664	0.858436	0	0.265664	-0.858436	0	-0.605748	-0.690869	0	-1008.1
3.5	0.545908	0.660562	0	-0.305387	0.907785	0	0.305387	-0.907785	0	-0.545908	-0.660562	0	-1009.44
3.51	0.480148	0.629065	0	-0.340181	0.953164	0	0.340181	-0.953164	0	-0.480148	-0.629065	0	-1015.42
3.52	0.408574	0.596614	0	-0.370071	0.994212	0	0.370071	-0.994212	0	-0.408574	-0.596614	0	-1026.21
3.53	0.331297	0.563386	0	-0.395094	1.03053	0	0.395094	-1.03053	0	-0.331297	-0.563386	0	-1042.07
3.54	0.248465	0.529468	0	-0.415316	1.06168	0	0.415316	-1.06168	0	-0.248465	-0.529468	0	-1063.12
3.55	0.160329	0.4948	0	-0.430851	1.08718	0	0.430851	-1.08718	0	-0.160329	-0.4948	0	-1088.86
3.56	0.067377	0.459127	0	-0.441886	1.10652	0	0.441886	-1.10652	0	-0.067377	-0.459127	0	-1117.04
3.57	-0.0294347	0.422018	0	-0.44872	1.11916	0	0.44872	-1.11916	0	0.0294347	-0.422018	0	-1142.06
3.58	-0.128452	0.383126	0	-0.451783	1.12462	0	0.451783	-1.12462	0	0.128452	-0.383126	0	-1155.02
3.59	-0.227451	0.342696	0	-0.451643	1.12254	0	0.451643	-1.12254	0	0.227451	-0.342696	0	-1149.42
3.6	-0.324337	0.301811	0	-0.448953	1.11271	0	0.448953	-1.11271	0	0.324337	-0.301811	0	-1127.99
3.61	-0.417776	0.261922	0	-0.444374	1.09513	0	0.444374	-1.09513	0	0.417776	-0.261922	0	-1099.65
3.62	-0.50717	0.224213	0	-0.438517	1.06994	0	0.438517	-1.06994	0	0.50717	-0.224213	0	-1071.76
3.63	-0.592287	0.189395	0	-0.431905	1.03735	0	0.431905	-1.03735	0	0.592287	-0.189395	0	-1047.89
3.64	-0.672996	0.157801	0	-0.424976	0.997648	0	0.424976	-0.997648	0	0.672996	-0.157801	0	-1029.12
3.65	-0.749165	0.129537	0	-0.418099	0.951104	0	0.418099	-0.951104	0	0.749165	-0.129537	0	-1015.51
3.66	-0.820624	0.104584	0	-0.411583	0.897992	0	0.411583	-0.897992	0	0.820624	-0.104584	0	-1006.81
3.67	-0.887168	0.0828647	0	-0.405697	0.838566	0	0.405697	-0.838566	0	0.887168	-0.0828647	0	-1002.76
3.68	-0.948557	0.0642669	0	-0.400678	0.773055	0	0.400678	-0.773055	0	0.948557	-0.0642669	0	-1003.24
3.69	-1.00452	0.0486617	0	-0.396733	0.701667	0	0.396733	-0.701667	0	1.00452	-0.0486617	0	-1008.27
3.7	-1.05475	0.0359027	0	-0.394038	0.624584	0	0.394038	-0.624584	0	1.05475	-0.0359027	0	-1018
3.71	-1.09891	0.0258202	0	-0.392716	0.541969	0	0.392716	-0.541969	0	1.09891	-0.0258202	0	-1032.69
3.72	-1.13665	0.0182099	0	-0.392807	0.453973	0	0.392807	-0.453973	0	1.13665	-0.0182099	0	-1052.55
3.73	-1.16756	0.0128146	0	-0.394199	0.360772	0	0.394199	-0.360772	0	1.16756	-0.0128146	0	-1077.33
3.74	-1.19127	0.00930323	0	-0.396535	0.262649	0	0.396535	-0.262649	0	1.19127	-0.00930323	0	-1105.42
3.75	-1.20738	0.00724842	0	-0.399121	0.160178	0	0.399121	-0.160178	0	1.20738	-0.00724842	0	-1132.27
3.76	-1.2156	0.00611513	0	-0.401004	0.0545369	0	0.401004	-0.0545369	0	1.2156	-0.00611513	0	-1149.56
3.77	-1.21573	0.00527708	0	-0.401403	-0.0523074	0	0.401403	0.0523074	0	1.21573	-0.00527708	0	-1149.25
3.78	-1.2078	0.00407233	0	-0.400299	-0.157976	0	0.400299	0.157976	0	1.2078	-0.00407233	0	-1131.39
3.79	-1.19198	0.00187849	0	-0.39844	-0.260488	0	0.39844	0.260488	0	1.19198	-0.00187849	0	-1104.07
3.8	-1.16861	-0.00183229	0	-0.396766	-0.358658	0	0.396766	0.358658	0	1.16861	0.00183229	0	-1075.6
3.81	-1.13806	-0.00747787	0	-0.395964	-0.451906	0	0.395964	0.451906	0	1.13806	0.00747787	0	-1050.48
3.82	-1.10075	-0.0153787	0	-0.396389	-0.539956	0	0.396389	0.539956	0	1.10075	0.0153787	0	-1030.3
3.83	-1.05706	-0.0257805	0	-0.398154	-0.62264	0	0.398154	0.62264	0	1.05706	0.0257805	0	-1015.28
3.84	-1.00735	-0.0388763	0	-0.401221	-0.699816	0	0.401221	0.699816	0	1.00735	0.0388763	0	-1005.21
3.85	-0.951974	-0.0548245	0	-0.405467	-0.771333	0	0.405467	0.771333	0	0.951974	0.0548245	0	-999.814
3.86	-0.891221	-0.0737604	0	-0.41072	-0.837022	0	0.41072	0.837022	0	0.891221	0.0737604	0	-998.916
3.87	-0.825367	-0.0958027	0	-0.416777	-0.896687	0	0.416777	0.896687	0	0.825367	0.0958027	0	-1002.49
3.88	-0.754648	-0.121053	0	-0.423408	-0.950113	0	0.423408	0.950113	0	0.754648	0.121053	0	-1010.65
3.89	-0.679265	-0.149582	0	-0.430353	-0.997059	0	0.430353	0.997059	0	0.679265	0.149582	0	-1023.63
3.9	-0.599381	-0.181404	0	-0.437313	-1.03727	0	0.437313	1.03727	0	0.599381	0.181404	0	-1041.71
3.91	-0.515118	-0.216419	0	-0.443937	-1.07048	0	0.443937	1.07048	0	0.515118	0.216419	0	-1064.89
3.92	-0.426582	-0.254312	0	-0.449809	-1.09643	0	0.449809	1.09643	0	0.426582	0.254312	0	-1092.26
3.93	-0.333954	-0.294405	0	-0.454429	-1.1149	0	0.454429	1.1149	0	0.333954	0.294405	0	-1120.62
3.94	-0.237739	-0.335544	0	-0.457221	-1.12575	0	0.457221	1.12575	0	0.237739	0.335544	0	-1142.98
3.95	-0.139135	-0.376254	0	-0.457549	-1.12898	0	0.457549	1.12898	0	0.139135	0.376254	0	-1150.27
3.96	-0.0401499	-0.415344	0	-0.454783	-1.12476	0	0.454783	1.12476	0	0.0401499	0.415344	0	-1138.7
3.97	0.0569642	-0.452463	0	-0.44837	-1.11345	0	0.44837	1.11345	0	-0.0569642	0.452463	0	-1114.04
3.98	0.150467	-0.487937	0	-0.437885	-1.09549	0	0.437885	1.09549	0	-0.150467	0.487937	0	-1085.35
3.99	0.239336	-0.522238	0	-0.423037	-1.07141	0	0.423037	1.07141	0	-0.239336	0.522238	0	-1058.69
4	0.323054	-0.55568	0	-0.403642	-1.0417	0	0.403642	1.0417	0	-0.323054	0.55568	0	-1036.58
4.01	0.401365	-0.588375	0	-0.379594	-1.00683	0	0.379594	1.00683	0	-0.401365	0.588375	0	-1019.6
4.02	0.47413	-0.620279	0	-0.350837	-0.967227	0	0.350837	0.967227	0	-0.47413	0.620279	0	-1007.65
4.03	0.54125	-0.651252	0	-0.317341	-0.92328	0	0.317341	0.92328	0	-0.54125	0.651252	0	-1000.46
4.04	0.60263	-0.68109	0	-0.279089	-0.875332	0	0.279089	0.875332	0	-0.60263	0.68109	0	-997.787
4.05	0.658172	-0.709546	0	-0.23607	-0.823692	0	0.23607	0.823692	0	-0.658172	0.709546	0	-999.56
4.06	0.707765	-0.736341	0	-0.188277	-0.768635	0	0.188277	0.768635	0	-0.707765	0.736341	0	-1005.83
4.07	0.751287	-0.761158	0	-0.135711	-0.710391	0	0.135711	0.710391	0	-0.751287	0.761158	0	-1016.8
4.08	0.788613	-0.783643	0	-0.0784022	-0.64914	0	0.0784022	0.64914	0	-0.788613	0.783643	0	-1032.74
4.09	0.819621	-0.803396	0	-0.0164441	-0.584993	0	0.0164441	0.584993	0	-0.819621	0.803396	0	-1053.82
4.1	0.844216	-0.819959	0	0.0499222	-0.517965	0	-0.0499222	0.517965	0	-0.844216	0.819959	0	-1079.61
4.11	0.86235	-0.832817	0	0.120168	-0.447983	0	-0.120168	0.447983	0	-0.86235	0.832817	0	-1108.06
4.12	0.874063	-0.841399	0	0.193275	-0.374995	0	-0.193275	0.374995	0	-0.874063	0.841399	0	-1133.78
4.13	0.879528	-0.845115	0	0.267616	-0.299285	0	-0.267616	0.299285	0	-0.879528	0.845115	0	-1147.94
4.14	0.879078	-0.843417	0	0.341252	-0.221916	0	-0.341252	0.221916	0	-0.879078	0.843417	0	-1143.59
4.15	0.873192	-0.835867	0	0.41268	-0.144713	0	-0.41268	0.144713	0	-0.873192	0.835867	0	-1122.86
4.16	0.862439	-0.822186	0	0.481263	-0.0695805	0	-0.481263	0.0695805	0	-0.862439	0.822186	0	-1094.58
4.17	0.847402	-0.802248	0	0.546966	0.00210227	0	-0.546966	-0.00210227	0	-0.847402	0.802248	0	-1066.39
4.18	0.828631	-0.776041	0	0.60991	0.0695545	0	-0.60991	-0.0695545	0	-0.828631	0.776041	0	-1042.05
4.19	0.806615	-0.743624	0	0.67016	0.132397	0	-0.67016	-0.132397	0	-0.806615	0.743624	0	-1022.73
4.2	0.781788	-0.705099	0	0.727673	0.190467	0	-0.727673	-0.190467	0	-0.781788	0.705099	0	-1008.51
4.21	0.754526	-0.660579	0	0.782321	0.243704	0	-0.782321	-0.243704	0	-0.754526	0.660579	0	-999.128
4.22	0.725166	-0.610183	0	0.833914	0.292091	0	-0.833914	-0.292091	0	-0.725166	0.610183	0	-994.309
4.23	0.694004	-0.55402	0	0.882213	0.335627	0	-0.882213	-0.335627	0	-0.694004	0.55402	0	-993.898
4.24	0.661301	-0.492189	0	0.926945	0.374312	0	-0.926945	-0.374312	0	-0.661301	0.492189	0	-997.881
4.25	0.627285	-0.42478	0	0.9678	0.408148	0	-0.9678	-0.408148	0	-0.627285	0.42478	0	-1006.39
4.26	0.59213	-0.351877	0	1.00444	0.43714	0	-1.00444	-0.43714	0	-0.59213	0.351877	0	-1019.69
4.27	0.555942	-0.273582	0	1.03647	0.461308	0	-1.03647	-0.461308	0	-0.555942	0.273582	0	-1038.03
4.28	0.518712	-0.190056	0	1.06347	0.480703	0	-1.06347	-0.480703	0	-0.518712	0.190056	0	-1061.41
4.29	0.480263	-0.101611	0	1.08499	0.495425	0	-1.08499	-0.495425	0	-0.480263	0.101611	0	-1088.86
4.3	0.440222	-0.00888798	0	1.10051	0.505656	0	-1.10051	-0.505656	0	-0.440222	0.00888798	0	-1116.99
4.31	0.398129	0.0868886	0	1.10956	0.511688	0	-1.10956	-0.511688	0	-0.398129	-0.0868886	0	-1138.64
4.32	0.353846	0.183782	0	1.11169	0.513947	0	-1.11169	-0.513947	0	-0.353846	-0.183782	0	-1144.73
4.33	0.308058	0.279549	0	1.10659	0.512979	0	-1.10659	-0.512979	0	-0.308058	-0.279549	0	-1131.95
4.34	0.262195	0.372442	0	1.09412	0.509389	0	-1.09412	-0.509389	0	-0.262195	-0.372442	0	-1106.5
4.35	0.217753	0.461579	0	1.0743	0.503779	0	-1.0743	-0.503779	0	-0.217753	-0.461579	0	-1077.43
4.36	0.175791	0.546661	0	1.04727	0.496686	0	-1.04727	-0.496686	0	-0.175791	-0.546661	0	-1050.59
4.37	0.136893	0.627607	0	1.01325	0.488574	0	-1.01325	-0.488574	0	-0.136893	-0.627607	0	-1028.36
4.38	0.101318	0.704357	0	0.97246	0.479829	0	-0.97246	-0.479829	0	-0.101318	-0.704357	0	-1011.23
4.39	0.0691441	0.776812	0	0.925156	0.470779	0	-0.925156	-0.470779	0	-0.0691441	-0.776812	0	-999.072
4.4	0.0403549	0.844829	0	0.871566	0.461703	0	-0.871566	-0.461703	0	-0.0403549	-0.844829	0	-991.57
4.41	0.0148889	0.908218	0	0.811906	0.452846	0	-0.811906	-0.452846	0	-0.0148889	-0.908218	0	-988.49
4.42	-0.00733675	0.966757	0	0.746369	0.444422	0	-0.746369	-0.444422	0	0.00733675	-0.966757	0	-989.726
4.43	-0.0264174	1.02019	0	0.675124	0.43662	0	-0.675124	-0.43662	0	0.0264174	-1.02019	0	-995.322
4.44	-0.0424606	1.06822	0	0.598317	0.429598	0	-0.598317	-0.429598	0	0.0424606	-1.06822	0	-1005.46
4.45	-0.055592	1.11054	0	0.516076	0.423462	0	-0.516076	-0.423462	0	0.055592	-1.11054	0	-1020.44
4.46	-0.0659675	1.14678	0	0.42852	0.418234	0	-0.42852	-0.418234	0	0.0659675	-1.14678	0	-1040.49
4.47	-0.0737888	1.17658	0	0.335796	0.413789	0	-0.335796	-0.413789	0	0.0737888	-1.17658	0	-1065.46
4.48	-0.0793259	1.19954	0	0.238164	0.409763	0	-0.238164	-0.409763	0	0.0793259	-1.19954	0	-1093.88
4.49	-0.0829388	1.21526	0	0.136186	0.405476	0	-0.136186	-0.405476	0	0.0829388	-1.21526	0	-1121.41
4.5	-0.0850938	1.22342	0	0.0310352	0.400014	0	-0.0310352	-0.400014	0	0.0850938	-1.22342	0	-1139.84
4.51	-0.0863548	1.22379	0	-0.0753205	0.392677	0	0.0753205	-0.392677	0	0.0863548	-1.22379	0	-1140.81
4.52	-0.0873369	1.21632	0	-0.180506	0.383571	0	0.180506	-0.383571	0	0.0873369	-1.21632	0	-1123.77
4.53	-0.0886364	1.20113	0	-0.282573	0.373604	0	0.282573	-0.373604	0	0.0886364	-1.20113	0	-1096.62
4.54	-0.0907736	1.17847	0	-0.380391	0.363862	0	0.380391	-0.363862	0	0.0907736	-1.17847	0	-1067.9
4.55	-0.0941708	1.14869	0	-0.473449	0.355146	0	0.473449	-0.355146	0	0.0941708	-1.14869	0	-1042.33
4.56	-0.0991597	1.11212	0	-0.56152	0.347889	0	0.56152	-0.347889	0	0.0991597	-1.11212	0	-1021.6
4.57	-0.105999	1.06912	0	-0.644475	0.342261	0	0.644475	-0.342261	0	0.105999	-1.06912	0	-1005.96
4.58	-0.114896	1.02003	0	-0.722195	0.338269	0	0.722195	-0.338269	0	0.114896	-1.02003	0	-995.171
4.59	-0.126021	0.965142	0	-0.794545	0.335832	0	0.794545	-0.335832	0	0.126021	-0.965142	0	-988.944
4.6	-0.139521	0.904739	0	-0.861366	0.334819	0	0.861366	-0.334819	0	0.139521	-0.904739	0	-987.07
4.61	-0.155525	0.839065	0	-0.922468	0.335069	0	0.922468	-0.335069	0	0.155525	-0.839065	0	-989.483
4.62	-0.174145	0.768335	0	-0.97764	0.336399	0	0.97764	-0.336399	0	0.174145	-0.768335	0	-996.269
4.63	-0.195469	0.69273	0	-1.02664	0.338602	0	1.02664	-0.338602	0	0.195469	-0.69273	0	-1007.65
4.64	-0.219539	0.612396	0	-1.06921	0.34144	0	1.06921	-0.34144	0	0.219539	-0.612396	0	-1023.92
4.65	-0.246303	0.527442	0	-1.10508	0.344632	0	1.10508	-0.344632	0	0.246303	-0.527442	0	-1045.27
4.66	-0.27554	0.437957	0	-1.13395	0.34784	0	1.13395	-0.34784	0	0.27554	-0.437957	0	-1071.34
4.67	-0.30673	0.344075	0	-1.15557	0.350656	0	1.15557	-0.350656	0	0.30673	-0.344075	0	-1100.12
4.68	-0.33892	0.246165	0	-1.16971	0.352585	0	1.16971	-0.352585	0	0.33892	-0.246165	0	-1126.3
4.69	-0.370765	0.145177	0	-1.17625	0.353058	0	1.17625	-0.353058	0	0.370765	-0.145177	0	-1141
4.7	-0.400997	0.0429151	0	-1.17524	0.351467	0	1.17524	-0.351467	0	0.400997	-0.0429151	0	-1137.09
4.71	-0.429103	-0.0583084	0	-1.16688	0.347236	0	1.16688	-0.347236	0	0.429103	0.0583084	0	-1116.55
4.72	-0.455415	-0.156494	0	-1.15152	0.339879	0	1.15152	-0.339879	0	0.455415	0.156494	0	-1088.23
4.73	-0.480578	-0.250392	0	-1.12961	0.329033	0	1.12961	-0.329033	0	0.480578	0.250392	0	-1059.86
4.74	-0.505108	-0.339369	0	-1.10159	0.314451	0	1.10159	-0.314451	0	0.505108	0.339369	0	-1035.29
4.75	-0.529276	-0.423126	0	-1.06793	0.295968	0	1.06793	-0.295968	0	0.529276	0.423126	0	-1015.69
4.76	-0.553153	-0.501508	0	-1.02901	0.273482	0	1.02901	-0.273482	0	0.553153	0.501508	0	-1001.13
4.77	-0.576683	-0.574415	0	-0.985222	0.246927	0	0.985222	-0.246927	0	0.576683	0.574415	0	-991.33
4.78	-0.599726	-0.641752	0	-0.936892	0.216259	0	0.936892	-0.216259	0	0.599726	0.641752	0	-986.004
4.79	-0.622098	-0.703416	0	-0.884321	0.181442	0	0.884321	-0.181442	0	0.622098	0.703416	0	-984.97
4.8	-0.643578	-0.75929	0	-0.827774	0.142447	0	0.827774	-0.142447	0	0.643578	0.75929	0	-988.194
4.81	-0.663916	-0.809237	0	-0.767479	0.0992493	0	0.767479	-0.0992493	0	0.663916	0.809237	0	-995.789
4.82	-0.682832	-0.85311	0	-0.703623	0.0518386	0	0.703623	-0.0518386	0	0.682832	0.85311	0	-1008
4.83	-0.700009	-0.890753	0	-0.63634	0.000241679	0	0.63634	-0.000241679	0	0.700009	0.890753	0	-1025.12
4.84	-0.715084	-0.922009	0	-0.565691	-0.0554301	0	0.565691	0.0554301	0	0.715084	0.922009	0	-1047.3
4.85	-0.727637	-0.946744	0	-0.491654	-0.11489	0	0.491654	0.11489	0	0.727637	0.946744	0	-1073.98
4.86	-0.737188	-0.964866	0	-0.414156	-0.17752	0	0.414156	0.17752	0	0.737188	0.964866	0	-1102.68
4.87	-0.743202	-0.976366	0	-0.333233	-0.242183	0	0.333233	0.242183	0	0.743202	0.976366	0	-1127.36
4.88	-0.745116	-0.981362	0	-0.249409	-0.307188	0	0.249409	0.307188	0	0.745116	0.981362	0	-1138.87
4.89	-0.7424	-0.980128	0	-0.164086	-0.370741	0	0.164086	0.370741	0	0.7424	0.980128	0	-1131.28
4.9	-0.734625	-0.97308	0	-0.0793124	-0.431711	0	0.0793124	0.431711	0	0.734625	0.97308	0	-1108.37
4.91	-0.7215	-0.960723	0	0.00300168	-0.489864	0	-0.00300168	0.489864	0	0.7215	0.960723	0	-1079.33
4.92	-0.702871	-0.943579	0	0.0815853	-0.545432	0	-0.0815853	0.545432	0	0.702871	0.943579	0	-1051.23
4.93	-0.67869	-0.922146	0	0.155757	-0.598686	0	-0.155757	0.598686	0	0.67869	0.922146	0	-1027.27
4.94	-0.648973	-0.896874	0	0.225197	-0.649769	0	-0.225197	0.649769	0	0.648973	0.896874	0	-1008.35
4.95	-0.613775	-0.868159	0	0.289762	-0.698694	0	-0.289762	0.698694	0	0.613775	0.868159	0	-994.401
4.96	-0.573169	-0.836354	0	0.349389	-0.745372	0	-0.349389	0.745372	0	0.573169	0.836354	0	-985.122
4.97	-0.52723	-0.801769	0	0.404044	-0.789648	0	-0.404044	0.789648	0	0.52723	0.801769	0	-980.223
4.98	-0.476031	-0.764678	0	0.453696	-0.831321	0	-0.453696	0.831321	0	0.476031	0.764678	0	-979.536
4.99	-0.419634	-0.725325	0	0.49831	-0.870155	0	-0.49831	0.870155	0	0.419634	0.725325	0	-983.037
5	-0.358093	-0.683917	0	0.537845	-0.905878	0	-0.537845	0.905878	0	0.358093	0.683917	0	-990.851
5.01	-0.291459	-0.640617	0	0.572255	-0.938191	0	-0.572255	0.938191	0	0.291459	0.640617	0	-1003.23
5.02	-0.2198	-0.595525	0	0.6015	-0.966753	0	-0.6015	0.966753	0	0.2198	0.595525	0	-1020.5
5.03	-0.143235	-0.548642	0	0.625555	-0.991185	0	-0.625555	0.991185	0	0.143235	0.548642	0	-1042.8
5.04	-0.0620201	-0.499833	0	0.64443	-1.01106	0	-0.64443	1.01106	0	0.0620201	0.499833	0	-1069.62
5.05	0.0233024	-0.448796	0	0.658196	-1.02591	0	-0.658196	1.02591	0	-0.0233024	0.448796	0	-1098.53
5.06	0.111663	-0.395151	0	0.667015	-1.03524	0	-0.667015	1.03524	0	-0.111663	0.395151	0	-1123.55
5.07	0.201303	-0.338788	0	0.671175	-1.03858	0	-0.671175	1.03858	0	-0.201303	0.338788	0	-1135.51
5.08	0.290058	-0.28039	0	0.671097	-1.03552	0	-0.671097	1.03552	0	-0.290058	0.28039	0	-1128.36
5.09	0.376161	-0.2215	0	0.6673	-1.02581	0	-0.6673	1.02581	0	-0.376161	0.2215	0	-1105.74
5.1	0.458741	-0.16385	0	0.660342	-1.00933	0	-0.660342	1.00933	0	-0.458741	0.16385	0	-1076.81
5.11	0.537596	-0.10874	0	0.650754	-0.986131	0	-0.650754	0.986131	0	-0.537596	0.10874	0	-1048.73
5.12	0.612767	-0.0569201	0	0.639009	-0.956312	0	-0.639009	0.956312	0	-0.612767	0.0569201	0	-1024.75
5.13	0.684295	-0.00875646	0	0.625516	-0.92004	0	-0.625516	0.92004	0	-0.684295	0.00875646	0	-1005.77
5.14	0.752157	0.0356047	0	0.610623	-0.877496	0	-0.610623	0.877496	0	-0.752157	-0.0356047	0	-991.744
5.15	0.81626	0.0761268	0	0.594629	-0.828864	0	-0.594629	0.828864	0	-0.81626	-0.0761268	0	-982.361
5.16	0.876455	0.112823	0	0.577798	-0.774313	0	-0.577798	0.774313	0	-0.876455	-0.112823	0	-977.327
5.17	0.932551	0.145729	0	0.56036	-0.714002	0	-0.56036	0.714002	0	-0.932551	-0.145729	0	-976.465
5.18	0.984318	0.174886	0	0.542518	-0.648067	0	-0.542518	0.648067	0	-0.984318	-0.174886	0	-979.744
5.19	1.0315	0.200341	0	0.52445	-0.576626	0	-0.52445	0.576626	0	-1.0315	-0.200341	0	-987.282
5.2	1.0738	0.222147	0	0.506292	-0.499778	0	-0.506292	0.499778	0	-1.0738	-0.222147	0	-999.329
5.21	1.11089	0.240373	0	0.48812	-0.417614	0	-0.48812	0.417614	0	-1.11089	-0.240373	0	-1016.21
5.22	1.14241	0.255115	0	0.469908	-0.330238	0	-0.469908	0.330238	0	-1.14241	-0.255115	0	-1038.12
5.23	1.16797	0.266514	0	0.451463	-0.237823	0	-0.451463	0.237823	0	-1.16797	-0.266514	0	-1064.67
5.24	1.18716	0.274779	0	0.432346	-0.140738	0	-0.432346	0.140738	0	-1.18716	-0.274779	0	-1093.74
5.25	1.19956	0.280212	0	0.411858	-0.0397856	0	-0.411858	0.0397856	0	-1.19956	-0.280212	0	-1119.82
5.26	1.2048	0.283226	0	0.389274	0.0635088	0	-0.389274	-0.0635088	0	-1.2048	-0.283226	0	-1133.89
5.27	1.20264	0.284337	0	0.364411	0.166928	0	-0.364411	-0.166928	0	-1.20264	-0.284337	0	-1129.07
5.28	1.19299	0.284118	0	0.338032	0.268233	0	-0.338032	-0.268233	0	-1.19299	-0.284118	0	-1107.87
5.29	1.1759	0.283129	0	0.311466	0.365921	0	-0.311466	-0.365921	0	-1.1759	-0.283129	0	-1079.3
5.3	1.15158	0.28187	0	0.285917	0.459295	0	-0.285917	-0.459295	0	-1.15158	-0.28187	0	-1050.95
5.31	1.12027	0.280758	0	0.262161	0.548112	0	-0.262161	-0.548112	0	-1.12027	-0.280758	0	-1026.46
5.32	1.08228	0.280129	0	0.240591	0.632283	0	-0.240591	-0.632283	0	-1.08228	-0.280129	0	-1006.92
5.33	1.03789	0.280259	0	0.221359	0.711739	0	-0.221359	-0.711739	0	-1.03789	-0.280259	0	-992.347
5.34	0.987369	0.281373	0	0.204479	0.786383	0	-0.204479	-0.786383	0	-0.987369	-0.281373	0	-982.437
5.35	0.930972	0.283663	0	0.189896	0.856085	0	-0.189896	-0.856085	0	-0.930972	-0.283663	0	-976.887
5.36	0.868928	0.287298	0	0.177513	0.920679	0	-0.177513	-0.920679	0	-0.868928	-0.287298	0	-975.505
5.37	0.801438	0.292424	0	0.167218	0.979969	0	-0.167218	-0.979969	0	-0.801438	-0.292424	0	-978.24
5.38	0.728675	0.29917	0	0.158878	1.03373	0	-0.158878	-1.03373	0	-0.728675	-0.29917	0	-985.193
5.39	0.650784	0.307636	0	0.152347	1.08171	0	-0.152347	-1.08171	0	-0.650784	-0.307636	0	-996.598
5.4	0.56788	0.317868	0	0.147455	1.12363	0	-0.147455	-1.12363	0	-0.56788	-0.317868	0	-1012.77
5.41	0.480052	0.329821	0	0.143994	1.15918	0	-0.143994	-1.15918	0	-0.480052	-0.329821	0	-1033.96
5.42	0.387394	0.343279	0	0.141706	1.18806	0	-0.141706	-1.18806	0	-0.387394	-0.343279	0	-1059.87
5.43	0.290082	0.357742	0	0.140267	1.20993	0	-0.140267	-1.20993	0	-0.290082	-0.357742	0	-1088.71
5.44	0.188577	0.372325	0	0.139266	1.22452	0	-0.139266	-1.22452	0	-0.188577	-0.372325	0	-1115.49
5.45	0.083964	0.385831	0	0.138205	1.23161	0	-0.138205	-1.23161	0	-0.083964	-0.385831	0	-1131.45
5.46	-0.0218245	0.397256	0	0.136525	1.23113	0	-0.136525	-1.23113	0	0.0218245	-0.397256	0	-1128.92
5.47	-0.126418	0.406437	0	0.133657	1.22316	0	-0.133657	-1.22316	0	0.126418	-0.406437	0	-1109.11
5.48	-0.227861	0.414056	0	0.129096	1.20793	0	-0.129096	-1.20793	0	0.227861	-0.414056	0	-1080.73
5.49	-0.325005	0.421032	0	0.122429	1.1858	0	-0.122429	-1.1858	0	0.325005	-0.421032	0	-1051.82
5.5	-0.417316	0.42806	0	0.11335	1.15714	0	-0.11335	-1.15714	0	0.417316	-0.42806	0	-1026.5
5.51	-0.504567	0.435526	0	0.101635	1.12233	0	-0.101635	-1.12233	0	0.504567	-0.435526	0	-1006.08
5.52	-0.586644	0.443579	0	0.087123	1.08174	0	-0.087123	-1.08174	0	0.586644	-0.443579	0	-990.636
5.53	-0.66346	0.452222	0	0.069696	1.0357	0	-0.069696	-1.0357	0	0.66346	-0.452222	0	-979.872
5.54	-0.734922	0.46137	0	0.0492614	0.984515	0	-0.0492614	-0.984515	0	0.734922	-0.46137	0	-973.469
5.55	-0.800917	0.470893	0	0.0257423	0.928449	0	-0.0257422	-0.928449	0	0.800917	-0.470893	0	-971.206
5.56	-0.861309	0.480629	0	-0.000928884	0.867744	0	0.000928885	-0.867744	0	0.861309	-0.480629	0	-973.001
5.57	-0.915941	0.490392	0	-0.0308114	0.802604	0	0.0308114	-0.802604	0	0.915941	-0.490392	0	-978.922
5.58	-0.964632	0.499974	0	-0.0639506	0.7332	0	0.0639506	-0.7332	0	0.964632	-0.499974	0	-989.178
5.59	-1.00719	0.509138	0	-0.100361	0.659656	0	0.100361	-0.659656	0	1.00719	-0.509138	0	-1004.08
5.6	-1.04339	0.517611	0	-0.139989	0.582045	0	0.139989	-0.582045	0	1.04339	-0.517611	0	-1023.93
5.61	-1.07305	0.525072	0	-0.182649	0.50038	0	0.182649	-0.50038	0	1.07305	-0.525072	0	-1048.67
5.62	-1.09594	0.531139	0	-0.227897	0.41464	0	0.227897	-0.41464	0	1.09594	-0.531139	0	-1077.08
5.63	-1.11194	0.535364	0	-0.274872	0.324882	0	0.274872	-0.324882	0	1.11194	-0.535364	0	-1105.21
5.64	-1.12096	0.537237	0	-0.322195	0.231537	0	0.322195	-0.231537	0	1.12096	-0.537237	0	-1125.17
5.65	-1.12307	0.536218	0	-0.36822	0.135831	0	0.36822	-0.135831	0	1.12307	-0.536218	0	-1128.11
5.66	-1.1185	0.531797	0	-0.411766	0.0398226	0	0.411766	-0.0398226	0	1.1185	-0.531797	0	-1112.33
5.67	-1.10759	0.523555	0	-0.452609	-0.0542957	0	0.452609	0.0542957	0	1.10759	-0.523555	0	-1085.28
5.68	-1.09078	0.511192	0	-0.491191	-0.144928	0	0.491191	0.144928	0	1.09078	-0.511192	0	-1055.83
5.69	-1.06851	0.494522	0	-0.528054	-0.231188	0	0.528054	0.231188	0	1.06851	-0.494522	0	-1029.2
5.7	-1.04123	0.473446	0	-0.563569	-0.312656	0	0.563569	0.312656	0	1.04123	-0.473446	0	-1007.27
5.71	-1.00932	0.447922	0	-0.597905	-0.389143	0	0.597905	0.389143	0	1.00932	-0.447922	0	-990.331
5.72	-0.973134	0.417943	0	-0.631086	-0.460558	0	0.631086	0.460558	0	0.973134	-0.417943	0	-978.145
5.73	-0.932991	0.383518	0	-0.663035	-0.526841	0	0.663035	0.526841	0	0.932991	-0.383518	0	-970.363
5.74	-0.88917	0.344663	0	-0.693619	-0.587932	0	0.693619	0.587932	0	0.88917	-0.344663	0	-966.72
5.75	-0.841918	0.301395	0	-0.722663	-0.643761	0	0.722663	0.643761	0	0.841918	-0.301395	0	-967.083
5.76	-0.791451	0.253723	0	-0.749961	-0.694244	0	0.749961	0.694244	0	0.791451	-0.253723	0	-971.467
5.77	-0.737949	0.201657	0	-0.77528	-0.739283	0	0.77528	0.739283	0	0.737949	-0.201657	0	-980.032
5.78	-0.681549	0.145212	0	-0.798358	-0.778768	0	0.798358	0.778768	0	0.681549	-0.145212	0	-993.065
5.79	-0.622323	0.0844326	0	-0.818896	-0.812585	0	0.818896	0.812585	0	0.622323	-0.0844326	0	-1010.91
5.8	-0.56026	0.019438	0	-0.836553	-0.840627	0	0.836553	0.840627	0	0.56026	-0.019438	0	-1033.74
5.81	-0.495233	-0.0494869	0	-0.850939	-0.862808	0	0.850939	0.862808	0	0.495233	0.0494869	0	-1061.03
5.82	-0.427016	-0.121731	0	-0.861611	-0.87909	0	0.861611	0.87909	0	0.427016	0.121731	0	-1090.3
5.83	-0.355427	-0.19614	0	-0.868083	-0.889515	0	0.868083	0.889515	0	0.355427	0.19614	0	-1115.45
5.84	-0.280723	-0.270943	0	-0.869857	-0.894245	0	0.869857	0.894245	0	0.280723	0.270943	0	-1127.19
5.85	-0.204063	-0.344174	0	-0.866481	-0.893578	0	0.866481	0.893578	0	0.204063	0.344174	0	-1119.61
5.86	-0.12737	-0.414487	0	-0.857609	-0.887938	0	0.857609	0.887938	0	0.12737	0.414487	0	-1096.61
5.87	-0.052542	-0.481483	0	-0.843033	-0.87781	0	0.843033	0.87781	0	0.052542	0.481483	0	-1067.49
5.88	0.0191096	-0.545317	0	-0.82267	-0.863687	0	0.82267	0.863687	0	-0.0191096	0.545317	0	-1039.31
5.89	0.0868648	-0.606247	0	-0.796531	-0.846025	0	0.796531	0.846025	0	-0.0868648	0.606247	0	-1015.24
5.9	0.150381	-0.664438	0	-0.764681	-0.825231	0	0.764681	0.825231	0	-0.150381	0.664438	0	-996.14
5.91	0.20951	-0.719932	0	-0.727217	-0.80166	0	0.727217	0.80166	0	-0.20951	0.719932	0	-981.908
5.92	0.264195	-0.772678	0	-0.684245	-0.775625	0	0.684245	0.775625	0	-0.264195	0.772678	0	-972.213
5.93	0.314416	-0.822553	0	-0.635871	-0.747399	0	0.635871	0.747399	0	-0.314416	0.822553	0	-966.744
5.94	0.360159	-0.869391	0	-0.582192	-0.717224	0	0.582192	0.717224	0	-0.360159	0.869391	0	-965.304
5.95	0.401412	-0.912984	0	-0.523291	-0.685314	0	0.523291	0.685314	0	-0.401412	0.912984	0	-967.838
5.96	0.438155	-0.953096	0	-0.459239	-0.651853	0	0.459239	0.651853	0	-0.438155	0.953096	0	-974.442
5.97	0.470367	-0.989459	0	-0.390095	-0.616987	0	0.390095	0.616987	0	-0.470367	0.989459	0	-985.347
5.98	0.49803	-1.02177	0	-0.315918	-0.580808	0	0.315918	0.580808	0	-0.49803	1.02177	0	-1000.88
5.99	0.521138	-1.0497	0	-0.236787	-0.543322	0	0.236787	0.543322	0	-0.521138	1.0497	0	-1021.36
6	0.539715	-1.07285	0	-0.152861	-0.504401	0	0.152861	0.504401	0	-0.539715	1.07285	0	-1046.68
6.01	0.553832	-1.09083	0	-0.0644864	-0.463733	0	0.0644864	0.463733	0	-0.553832	1.09083	0	-1075.52
6.02	0.563637	-1.10317	0	0.0275888	-0.420814	0	-0.0275888	0.420814	0	-0.563637	1.10317	0	-1103.68
6.03	0.569384	-1.10946	0	0.121958	-0.37515	0	-0.121958	0.37515	0	-0.569384	1.10946	0	-1122.99
6.04	0.571446	-1.1093	0	0.216537	-0.326766	0	-0.216537	0.326766	0	-0.571446	1.1093	0	-1124.77
6.05	0.5703	-1.10243	0	0.309159	-0.276654	0	-0.309159	0.276654	0	-0.5703	1.10243	0	-1108.02
6.06	0.566473	-1.08874	0	0.39839	-0.226458	0	-0.39839	0.226458	0	-0.566473	1.08874	0	-1080.59
6.07	0.560477	-1.06826	0	0.483678	-0.177702	0	-0.483678	0.177702	0	-0.560477	1.06826	0	-1051.24
6.08	0.552773	-1.04112	0	0.564948	-0.131395	0	-0.564948	0.131395	0	-0.552773	1.04112	0	-1024.89
6.09	0.543752	-1.00749	0	0.642256	-0.0880753	0	-0.642255	0.0880753	0	-0.543752	1.00749	0	-1003.28
6.1	0.533745	-0.967574	0	0.715626	-0.0479862	0	-0.715626	0.0479862	0	-0.533745	0.967574	0	-986.627
6.11	0.523032	-0.921582	0	0.785025	-0.011209	0	-0.785025	0.011209	0	-0.523032	0.921582	0	-974.667
6.12	0.511852	-0.869707	0	0.850358	0.0222541	0	-0.850358	-0.0222541	0	-0.511852	0.869707	0	-967.051
6.13	0.500413	-0.812128	0	0.911485	0.0524373	0	-0.911485	-0.0524373	0	-0.500413	0.812128	0	-963.518
6.14	0.488899	-0.749004	0	0.968227	0.0793897	0	-0.968227	-0.0793897	0	-0.488899	0.749004	0	-963.937
6.15	0.477471	-0.680472	0	1.02037	0.103167	0	-1.02037	-0.103167	0	-0.477471	0.680472	0	-968.327
6.16	0.466261	-0.606647	0	1.06768	0.12383	0	-1.06768	-0.12383	0	-0.466261	0.606647	0	-976.848
6.17	0.455365	-0.52762	0	1.10988	0.14145	0	-1.10988	-0.14145	0	-0.455365	0.52762	0	-989.789
6.18	0.44481	-0.44347	0	1.14668	0.156114	0	-1.14668	-0.156114	0	-0.44481	0.44347	0	-1007.49
6.19	0.434505	-0.354279	0	1.17774	0.16794	0	-1.17774	-0.16794	0	-0.434505	0.354279	0	-1030.15
6.2	0.424173	-0.260193	0	1.2027	0.177093	0	-1.2027	-0.177093	0	-0.424173	0.260193	0	-1057.27
6.21	0.413254	-0.161555	0	1.22121	0.183804	0	-1.22121	-0.183804	0	-0.413254	0.161555	0	-1086.42
6.22	0.400893	-0.0591571	0	1.23291	0.188394	0	-1.23291	-0.188394	0	-0.400893	0.0591571	0	-1111.6
6.23	0.386201	0.045447	0	1.2375	0.19128	0	-1.2375	-0.19128	0	-0.386201	-0.045447	0	-1123.51
6.24	0.368886	0.149996	0	1.23482	0.192963	0	-1.23482	-0.192963	0	-0.368886	-0.149996	0	-1116.06
6.25	0.349655	0.25225	0	1.22485	0.193973	0	-1.22485	-0.193973	0	-0.349655	-0.25225	0	-1092.98
6.26	0.329789	0.350735	0	1.20771	0.19481	0	-1.20771	-0.19481	0	-0.329789	-0.350735	0	-1063.56
6.27	0.310449	0.444793	0	1.18363	0.195903	0	-1.18363	-0.195903	0	-0.310449	-0.444793	0	-1034.99
6.28	0.292387	0.534211	0	1.1529	0.1976	0	-1.1529	-0.1976	0	-0.292387	-0.534211	0	-1010.5
6.29	0.275989	0.618931	0	1.11581	0.200172	0	-1.11581	-0.200172	0	-0.275989	-0.618931	0	-990.955
6.3	0.261412	0.698919	0	1.07264	0.203836	0	-1.07264	-0.203836	0	-0.261412	-0.698919	0	-976.252
6.31	0.24868	0.774114	0	1.02366	0.208766	0	-1.02366	-0.208766	0	-0.24868	-0.774114	0	-966.046
6.32	0.237746	0.844425	0	0.96911	0.215107	0	-0.96911	-0.215107	0	-0.237746	-0.844424	0	-960.006
6.33	0.228528	0.909723	0	0.909217	0.222984	0	-0.909217	-0.222984	0	-0.228528	-0.909723	0	-957.915
6.34	0.220924	0.969854	0	0.844169	0.23251	0	-0.844169	-0.23251	0	-0.220924	-0.969854	0	-959.697
6.35	0.214818	1.02463	0	0.774127	0.24378	0	-0.774127	-0.24378	0	-0.214818	-1.02463	0	-965.419
6.36	0.210081	1.07385	0	0.699221	0.256873	0	-0.699221	-0.256873	0	-0.210081	-1.07385	0	-975.292
6.37	0.206564	1.11726	0	0.619548	0.271827	0	-0.619548	-0.271827	0	-0.206564	-1.11726	0	-989.639
6.38	0.204092	1.15462	0	0.535167	0.288613	0	-0.535168	-0.288613	0	-0.204092	-1.15462	0	-1008.81
6.39	0.202447	1.18565	0	0.446113	0.307068	0	-0.446113	-0.307068	0	-0.202447	-1.18565	0	-1032.89
6.4	0.201361	1.21007	0	0.352433	0.326801	0	-0.352433	-0.326801	0	-0.201361	-1.21007	0	-1061.05
6.41	0.200491	1.2276	0	0.254321	0.347054	0	-0.254321	-0.347054	0	-0.200491	-1.2276	0	-1090.11
6.42	0.199419	1.23805	0	0.152401	0.366653	0	-0.152401	-0.366653	0	-0.199419	-1.23805	0	-1112.95
6.43	0.197657	1.24128	0	0.048103	0.38428	0	-0.0481031	-0.38428	0	-0.197656	-1.24128	0	-1120.25
6.44	0.194689	1.23732	0	-0.0563545	0.399172	0	0.0563544	-0.399172	0	-0.194689	-1.23732	0	-1108.14
6.45	0.190032	1.22635	0	-0.158695	0.41158	0	0.158695	-0.41158	0	-0.190032	-1.22635	0	-1082.6
6.46	0.183284	1.20866	0	-0.257342	0.42239	0	0.257342	-0.42239	0	-0.183283	-1.20866	0	-1052.97
6.47	0.174137	1.18459	0	-0.351489	0.432478	0	0.351489	-0.432478	0	-0.174137	-1.18459	0	-1025.33
6.48	0.162375	1.15451	0	-0.4408	0.442433	0	0.4408	-0.442433	0	-0.162375	-1.15451	0	-1002.13
6.49	0.147844	1.11877	0	-0.525143	0.452557	0	0.525143	-0.452557	0	-0.147844	-1.11877	0	-983.879
6.5	0.130439	1.07768	0	-0.604449	0.462957	0	0.604449	-0.462957	0	-0.130439	-1.07768	0	-970.367
6.51	0.110084	1.03155	0	-0.678657	0.473624	0	0.678657	-0.473624	0	-0.110084	-1.03155	0	-961.229
6.52	0.0867189	0.980631	0	-0.74769	0.484481	0	0.74769	-0.484481	0	-0.0867189	-0.980631	0	-956.156
6.53	0.0602923	0.925159	0	-0.81145	0.495408	0	0.81145	-0.495408	0	-0.0602923	-0.925159	0	-954.96
6.54	0.030758	0.865337	0	-0.869814	0.506263	0	0.869814	-0.506263	0	-0.030758	-0.865337	0	-957.596
6.55	-0.00192642	0.801337	0	-0.922638	0.51688	0	0.922638	-0.51688	0	0.00192643	-0.801337	0	-964.164
6.56	-0.0377922	0.733294	0	-0.969756	0.527075	0	0.969756	-0.527075	0	0.0377922	-0.733294	0	-974.901
6.57	-0.076843	0.661297	0	-1.01099	0.536633	0	1.01099	-0.536633	0	0.076843	-0.661297	0	-990.151
6.58	-0.11902	0.585378	0	-1.04613	0.54531	0	1.04613	-0.54531	0	0.11902	-0.585378	0	-1010.25
6.59	-0.164134	0.505503	0	-1.075	0.552811	0	1.075	-0.552811	0	0.164134	-0.505503	0	-1035.23
6.6	-0.211749	0.421588	0	-1.0974	0.558791	0	1.0974	-0.558791	0	0.211749	-0.421588	0	-1064
6.61	-0.261012	0.333605	0	-1.11319	0.562838	0	1.11319	-0.562838	0	0.261012	-0.333605	0	-1092.86
6.62	-0.310536	0.241868	0	-1.1223	0.564482	0	1.1223	-0.564482	0	0.310536	-0.241868	0	-1114.1
6.63	-0.358623	0.147481	0	-1.12478	0.563225	0	1.12478	-0.563225	0	0.358623	-0.147481	0	-1118.59
6.64	-0.403994	0.0524418	0	-1.12083	0.558592	0	1.12083	-0.558592	0	0.403994	-0.0524419	0	-1103.96
6.65	-0.446359	-0.0410271	0	-1.11077	0.550191	0	1.11077	-0.550191	0	0.446359	0.0410271	0	-1077.32
6.66	-0.486164	-0.131263	0	-1.09501	0.53774	0	1.09501	-0.53774	0	0.486164	0.131263	0	-1047.78
6.67	-0.524003	-0.217332	0	-1.07396	0.521069	0	1.07396	-0.521069	0	0.524003	0.217332	0	-1020.78
6.68	-0.560303	-0.298792	0	-1.04804	0.500086	0	1.04804	-0.500086	0	0.560303	0.298791	0	-998.376
6.69	-0.595287	-0.375449	0	-1.01761	0.474759	0	1.01761	-0.474759	0	0.595287	0.375449	0	-980.9
6.7	-0.629016	-0.447216	0	-0.983008	0.445085	0	0.983008	-0.445085	0	0.629016	0.447216	0	-968.097
6.71	-0.661451	-0.51404	0	-0.944528	0.411082	0	0.944529	-0.411082	0	0.661451	0.51404	0	-959.601
6.72	-0.692487	-0.575869	0	-0.902436	0.372772	0	0.902436	-0.372772	0	0.692487	0.575869	0	-955.12
6.73	-0.721975	-0.632643	0	-0.856963	0.330176	0	0.856963	-0.330176	0	0.721974	0.632643	0	-954.486
6.74	-0.749736	-0.684288	0	-0.808314	0.283309	0	0.808314	-0.283309	0	0.749736	0.684288	0	-957.677
6.75	-0.775567	-0.730714	0	-0.756659	0.232184	0	0.756659	-0.232184	0	0.775567	0.730714	0	-964.812
6.76	-0.799236	-0.771817	0	-0.70213	0.176813	0	0.702131	-0.176813	0	0.799236	0.771817	0	-976.148
6.77	-0.82048	-0.80749	0	-0.644804	0.117224	0	0.644804	-0.117224	0	0.82048	0.80749	0	-992.036
6.78	-0.839	-0.837624	0	-0.584679	0.0534962	0	0.584679	-0.0534962	0	0.838999	0.837624	0	-1012.8
6.79	-0.854451	-0.862123	0	-0.521646	-0.0141759	0	0.521646	0.0141758	0	0.854451	0.862123	0	-1038.35
6.8	-0.866442	-0.880926	0	-0.455472	-0.0853506	0	0.455472	0.0853506	0	0.866442	0.880926	0	-1067.36
6.81	-0.874533	-0.894033	0	-0.38587	-0.15914	0	0.38587	0.15914	0	0.874533	0.894033	0	-1095.56
6.82	-0.87826	-0.901539	0	-0.312777	-0.234022	0	0.312777	0.234022	0	0.87826	0.901539	0	-1114.71
6.83	-0.877173	-0.903665	0	-0.236865	-0.308002	0	0.236865	0.308002	0	0.877173	0.903666	0	-1116.1
6.84	-0.870901	-0.90076	0	-0.159775	-0.379348	0	0.159775	0.379348	0	0.870901	0.90076	0	-1098.88
6.85	-0.859194	-0.89326	0	-0.0835399	-0.447263	0	0.08354	0.447263	0	0.859194	0.89326	0	-1071.07
6.86	-0.84193	-0.881629	0	-0.00978728	-0.511765	0	0.00978732	0.511765	0	0.84193	0.881629	0	-1041.43
6.87	-0.81909	-0.866314	0	0.0605063	-0.573162	0	-0.0605063	0.573162	0	0.81909	0.866314	0	-1014.83
6.88	-0.790723	-0.847714	0	0.126851	-0.631724	0	-0.126851	0.631724	0	0.790723	0.847714	0	-992.941
6.89	-0.756917	-0.826183	0	0.189029	-0.687592	0	-0.189029	0.687592	0	0.756917	0.826183	0	-975.959
6.9	-0.717774	-0.802026	0	0.246954	-0.740795	0	-0.246954	0.740795	0	0.717774	0.802026	0	-963.581
6.91	-0.673403	-0.77551	0	0.300596	-0.791275	0	-0.300596	0.791274	0	0.673403	0.77551	0	-955.437
6.92	-0.623904	-0.746869	0	0.349941	-0.838917	0	-0.349941	0.838916	0	0.623905	0.746869	0	-951.239
6.93	-0.569369	-0.716311	0	0.394977	-0.883565	0	-0.394977	0.883565	0	0.569369	0.716311	0	-950.833
6.94	-0.509871	-0.684015	0	0.435688	-0.925031	0	-0.435688	0.925031	0	0.509871	0.684015	0	-954.203
6.95	-0.445475	-0.650132	0	0.472049	-0.9631	0	-0.472049	0.963099	0	0.445475	0.650132	0	-961.481
6.96	-0.376228	-0.614772	0	0.504031	-0.997525	0	-0.504032	0.997525	0	0.376228	0.614772	0	-972.93
6.97	-0.302181	-0.577988	0	0.53161	-1.02803	0	-0.53161	1.02803	0	0.302181	0.577988	0	-988.908
6.98	-0.223406	-0.539741	0	0.554771	-1.05431	0	-0.554771	1.05431	0	0.223406	0.539741	0	-1009.74
6.99	-0.140058	-0.499851	0	0.573525	-1.07602	0	-0.573525	1.07602	0	0.140058	0.499851	0	-1035.35
7	-0.0524907	-0.457945	0	0.587928	-1.09276	0	-0.587928	1.09276	0	0.0524908	0.457945	0	-1064.37
7.01	0.0385267	-0.413459	0	0.598106	-1.10415	0	-0.598106	1.10415	0	-0.0385265	0.413459	0	-1092.53
7.02	0.131548	-0.365865	0	0.604285	-1.10976	0	-0.604285	1.10976	0	-0.131548	0.365865	0	-1111.51
7.03	0.224456	-0.315207	0	0.606799	-1.10925	0	-0.606799	1.10925	0	-0.224455	0.315207	0	-1112.64
7.04	0.31511	-0.262551	0	0.606079	-1.10239	0	-0.606079	1.10239	0	-0.31511	0.262551	0	-1095.16
7.05	0.402169	-0.209617	0	0.602602	-1.08906	0	-0.602602	1.08906	0	-0.402169	0.209617	0	-1067.18
7.06	0.485193	-0.157974	0	0.596834	-1.06929	0	-0.596834	1.06929	0	-0.485193	0.157974	0	-1037.43
7.07	0.564211	-0.108652	0	0.589191	-1.04319	0	-0.589191	1.04319	0	-0.564211	0.108652	0	-1010.76
7.08	0.639356	-0.062203	0	0.58003	-1.01093	0	-0.58003	1.01093	0	-0.639356	0.062203	0	-988.794
7.09	0.710718	-0.0188799	0	0.56965	-0.972691	0	-0.56965	0.972691	0	-0.710718	0.0188798	0	-971.719
7.1	0.778312	0.0212224	0	0.558303	-0.928654	0	-0.558303	0.928654	0	-0.778312	-0.0212225	0	-959.218
7.11	0.842086	0.0580869	0	0.546205	-0.878998	0	-0.546205	0.878998	0	-0.842086	-0.058087	0	-950.912
7.12	0.901939	0.0917307	0	0.533541	-0.823885	0	-0.533541	0.823886	0	-0.901939	-0.0917308	0	-946.506
7.13	0.957729	0.122184	0	0.520475	-0.763459	0	-0.520475	0.763459	0	-0.957728	-0.122184	0	-945.833
7.14	1.00928	0.149479	0	0.507152	-0.697841	0	-0.507152	0.697841	0	-1.00928	-0.149479	0	-948.868
7.15	1.05639	0.17365	0	0.493692	-0.62713	0	-0.493693	0.62713	0	-1.05639	-0.173651	0	-955.73
7.16	1.09883	0.194735	0	0.480187	-0.551402	0	-0.480187	0.551402	0	-1.09883	-0.194736	0	-966.671
7.17	1.13634	0.21278	0	0.466674	-0.470713	0	-0.466675	0.470713	0	-1.13634	-0.21278	0	-982.049
7.18	1.16863	0.227848	0	0.453109	-0.385113	0	-0.453109	0.385113	0	-1.16863	-0.227849	0	-1002.22
7.19	1.19538	0.240037	0	0.439298	-0.294675	0	-0.439298	0.294675	0	-1.19538	-0.240037	0	-1027.25
7.2	1.21624	0.24949	0	0.42482	-0.199586	0	-0.42482	0.199586	0	-1.21624	-0.24949	0	-1056.1
7.21	1.23088	0.256421	0	0.408957	-0.100326	0	-0.408957	0.100326	0	-1.23088	-0.256422	0	-1085.17
7.22	1.23895	0.261135	0	0.390777	0.0020192	0	-0.390777	-0.00201889	0	-1.23895	-0.261135	0	-1106.79
7.23	1.2402	0.264025	0	0.369591	0.105543	0	-0.369591	-0.105542	0	-1.2402	-0.264025	0	-1111.72
7.24	1.23449	0.265558	0	0.345613	0.207877	0	-0.345613	-0.207877	0	-1.23449	-0.265558	0	-1097.34
7.25	1.22184	0.266213	0	0.320014	0.307091	0	-0.320014	-0.307091	0	-1.22184	-0.266214	0	-1070.67
7.26	1.20236	0.266435	0	0.29422	0.402167	0	-0.29422	-0.402166	0	-1.20236	-0.266435	0	-1040.89
7.27	1.17628	0.2666	0	0.26932	0.492765	0	-0.26932	-0.492765	0	-1.17628	-0.2666	0	-1013.59
7.28	1.14384	0.267011	0	0.245961	0.57884	0	-0.24596	-0.578839	0	-1.14384	-0.267011	0	-990.837
7.29	1.10529	0.267912	0	0.224462	0.660406	0	-0.224462	-0.660406	0	-1.10529	-0.267912	0	-972.977
7.3	1.0609	0.269497	0	0.204949	0.737461	0	-0.204949	-0.737461	0	-1.0609	-0.269497	0	-959.74
7.31	1.01087	0.271927	0	0.187439	0.809961	0	-0.187439	-0.80996	0	-1.01087	-0.271927	0	-950.744
7.32	0.95544	0.275337	0	0.171898	0.87782	0	-0.171898	-0.87782	0	-0.95544	-0.275337	0	-945.672
7.33	0.894778	0.279846	0	0.158262	0.940919	0	-0.158261	-0.940919	0	-0.894778	-0.279846	0	-944.332
7.34	0.829048	0.28556	0	0.146453	0.999106	0	-0.146453	-0.999106	0	-0.829049	-0.28556	0	-946.673
7.35	0.758385	0.292571	0	0.136385	1.0522	0	-0.136385	-1.0522	0	-0.758386	-0.292571	0	-952.784
7.36	0.682892	0.300949	0	0.127961	1.1	0	-0.127961	-1.1	0	-0.682893	-0.30095	0	-962.895
7.37	0.60264	0.31073	0	0.121068	1.14227	0	-0.121067	-1.14227	0	-0.60264	-0.31073	0	-977.346
7.38	0.517666	0.321876	0	0.115569	1.17875	0	-0.115568	-1.17875	0	-0.517667	-0.321876	0	-996.517
7.39	0.427988	0.334221	0	0.111292	1.20918	0	-0.111292	-1.20918	0	-0.427988	-0.334221	0	-1020.57
7.4	0.333642	0.347376	0	0.108016	1.23326	0	-0.108016	-1.23326	0	-0.333642	-0.347376	0	-1048.83
7.41	0.23482	0.360601	0	0.105452	1.25071	0	-0.105452	-1.25071	0	-0.234821	-0.360601	0	-1078.4
7.42	0.132149	0.37276	0	0.103234	1.2613	0	-0.103234	-1.2613	0	-0.132149	-0.37276	0	-1102.5
7.43	0.0270587	0.382593	0	0.100923	1.26486	0	-0.100922	-1.26486	0	-0.0270592	-0.382593	0	-1111.65
7.44	-0.0782159	0.389414	0	0.0980361	1.26136	0	-0.0980356	-1.26136	0	0.0782154	-0.389414	0	-1101.11
7.45	-0.181379	0.393592	0	0.0941062	1.25091	0	-0.0941057	-1.25091	0	0.181379	-0.393592	0	-1076.22
7.46	-0.280859	0.39616	0	0.0887281	1.23375	0	-0.0887277	-1.23375	0	0.280858	-0.39616	0	-1046.45
7.47	-0.375888	0.398127	0	0.0815837	1.21019	0	-0.0815832	-1.21019	0	0.375887	-0.398127	0	-1018.29
7.48	-0.466177	0.400176	0	0.0724368	1.18054	0	-0.0724364	-1.18054	0	0.466176	-0.400175	0	-994.43
7.49	-0.551631	0.402671	0	0.0611174	1.14512	0	-0.061117	-1.14512	0	0.551631	-0.402671	0	-975.458
7.5	-0.632213	0.405766	0	0.0475023	1.10423	0	-0.0475019	-1.10423	0	0.632212	-0.405766	0	-961.177
7.51	-0.707878	0.409486	0	0.0314999	1.05815	0	-0.0314996	-1.05815	0	0.707878	-0.409486	0	-951.205
7.52	-0.778565	0.413782	0	0.013038	1.00712	0	-0.0130378	-1.00712	0	0.778565	-0.413782	0	-945.2
7.53	-0.844183	0.418567	0	-0.00794432	0.95136	0	0.00794454	-0.951361	0	0.844183	-0.418567	0	-942.939
7.54	-0.904617	0.423728	0	-0.031502	0.89106	0	0.0315022	-0.89106	0	0.904616	-0.423727	0	-944.335
7.55	-0.959726	0.429134	0	-0.0576848	0.82638	0	0.0576849	-0.826381	0	0.959726	-0.429133	0	-949.445
7.56	-1.00935	0.434639	0	-0.0865326	0.757449	0	0.0865326	-0.75745	0	1.00935	-0.434638	0	-958.463
7.57	-1.05331	0.440075	0	-0.118064	0.684354	0	0.118064	-0.684354	0	1.05331	-0.440074	0	-971.707
7.58	-1.0914	0.44525	0	-0.152247	0.607132	0	0.152247	-0.607132	0	1.0914	-0.445249	0	-989.557
7.59	-1.12341	0.449932	0	-0.188953	0.525763	0	0.188953	-0.525764	0	1.12341	-0.449931	0	-1012.27
7.6	-1.14914	0.453844	0	-0.227859	0.440175	0	0.227858	-0.440175	0	1.14914	-0.453843	0	-1039.49
7.61	-1.1684	0.456651	0	-0.268305	0.350306	0	0.268304	-0.350307	0	1.1684	-0.45665	0	-1069.04
7.62	-1.18104	0.457953	0	-0.309145	0.256313	0	0.309144	-0.256313	0	1.18104	-0.457952	0	-1095.25
7.63	-1.18701	0.4573	0	-0.348795	0.158975	0	0.348795	-0.158976	0	1.18701	-0.457299	0	-1108.84
7.64	-1.18639	0.454227	0	-0.38579	0.0600214	0	0.385789	-0.0600222	0	1.18639	-0.454226	0	-1102.99
7.65	-1.17938	0.448309	0	-0.419553	-0.0382444	0	0.419553	0.0382437	0	1.17938	-0.448308	0	-1080.64
7.66	-1.16631	0.439207	0	-0.45048	-0.133839	0	0.450479	0.133838	0	1.16631	-0.439206	0	-1051.11
7.67	-1.14754	0.426685	0	-0.479332	-0.225558	0	0.479332	0.225558	0	1.14754	-0.426684	0	-1021.94
7.68	-1.12345	0.410597	0	-0.506757	-0.312828	0	0.506756	0.312828	0	1.12345	-0.410597	0	-996.668
7.69	-1.0944	0.390864	0	-0.53315	-0.395412	0	0.53315	0.395412	0	1.0944	-0.390864	0	-976.237
7.7	-1.0607	0.367448	0	-0.5587	-0.473218	0	0.558699	0.473218	0	1.0607	-0.367448	0	-960.566
7.71	-1.02265	0.340339	0	-0.583452	-0.546202	0	0.583451	0.546202	0	1.02265	-0.340339	0	-949.277
7.72	-0.980503	0.309539	0	-0.60737	-0.614324	0	0.607369	0.614324	0	0.980504	-0.309539	0	-941.998
7.73	-0.93449	0.275056	0	-0.630363	-0.677532	0	0.630362	0.677532	0	0.934491	-0.275056	0	-938.462
7.74	-0.884811	0.236894	0	-0.652307	-0.735758	0	0.652306	0.735758	0	0.884812	-0.236894	0	-938.535
7.75	-0.831635	0.195055	0	-0.673053	-0.788914	0	0.673052	0.788914	0	0.831636	-0.195055	0	-942.221
7.76	-0.775103	0.149537	0	-0.692433	-0.836894	0	0.692431	0.836894	0	0.775104	-0.149538	0	-949.665
7.77	-0.715312	0.100344	0	-0.710254	-0.879577	0	0.710253	0.879578	0	0.715313	-0.100344	0	-961.142
7.78	-0.652308	0.0474981	0	-0.726298	-0.916832	0	0.726297	0.916833	0	0.652309	-0.0474985	0	-977.028
7.79	-0.58606	-0.00892234	0	-0.740314	-0.948523	0	0.740313	0.948523	0	0.586062	0.00892179	0	-997.682
7.8	-0.516442	-0.0687154	0	-0.752008	-0.974519	0	0.752007	0.974519	0	0.516444	0.0687147	0	-1023.12
7.81	-0.443222	-0.131431	0	-0.761038	-0.994712	0	0.761037	0.994713	0	0.443224	0.13143	0	-1052.19
7.82	-0.366147	-0.196176	0	-0.767015	-1.00904	0	0.767014	1.00904	0	0.366148	0.196175	0	-1080.98
7.83	-0.285232	-0.261454	0	-0.76951	-1.01753	0	0.769509	1.01753	0	0.285233	0.261453	0	-1101.53
7.84	-0.201266	-0.325341	0	-0.768092	-1.02032	0	0.768091	1.02032	0	0.201267	0.325339	0	-1104.75
7.85	-0.116028	-0.38624	0	-0.762381	-1.01765	0	0.76238	1.01765	0	0.116029	0.386238	0	-1088.85
7.86	-0.0316703	-0.44356	0	-0.752094	-1.0099	0	0.752093	1.0099	0	0.0316712	0.443558	0	-1061.39
7.87	0.0501102	-0.497545	0	-0.737061	-0.997465	0	0.73706	0.997467	0	-0.0501095	0.497544	0	-1031.43
7.88	0.128321	-0.548696	0	-0.717212	-0.980748	0	0.717211	0.98075	0	-0.12832	0.548695	0	-1004.2
7.89	0.202477	-0.597423	0	-0.692544	-0.960121	0	0.692543	0.960122	0	-0.202476	0.597422	0	-981.568
7.9	0.272369	-0.643965	0	-0.663097	-0.935913	0	0.663097	0.935915	0	-0.272368	0.643963	0	-963.784
7.91	0.337912	-0.688416	0	-0.628935	-0.908416	0	0.628934	0.908417	0	-0.337912	0.688415	0	-950.537
7.92	0.39907	-0.730773	0	-0.590127	-0.877884	0	0.590127	0.877886	0	-0.39907	0.730771	0	-941.428
7.93	0.455819	-0.770965	0	-0.546745	-0.844541	0	0.546745	0.844543	0	-0.455819	0.770963	0	-936.132
7.94	0.50813	-0.808876	0	-0.49885	-0.808585	0	0.49885	0.808587	0	-0.50813	0.808875	0	-934.446
7.95	0.555962	-0.844362	0	-0.446495	-0.770186	0	0.446496	0.770188	0	-0.555963	0.84436	0	-936.305
7.96	0.599265	-0.877248	0	-0.38972	-0.72949	0	0.38972	0.729492	0	-0.599266	0.877246	0	-941.783
7.97	0.637976	-0.907337	0	-0.328553	-0.68661	0	0.328554	0.686612	0	-0.637977	0.907335	0	-951.09
7.98	0.672024	-0.934406	0	-0.263022	-0.641611	0	0.263023	0.641613	0	-0.672025	0.934404	0	-964.556
7.99	0.701341	-0.9582	0	-0.193166	-0.594492	0	0.193167	0.594494	0	-0.701342	0.958198	0	-982.582
8	0.725864	-0.978428	0	-0.119075	-0.54515	0	0.119077	0.545151	0	-0.725866	0.978426	0	-1005.45
8.01	0.745556	-0.99476	0	-0.0409753	-0.493333	0	0.0409771	0.493334	0	-0.745558	0.994758	0	-1032.85
8.02	0.760421	-1.00683	0	0.0406244	-0.43862	0	-0.0406225	0.438622	0	-0.760423	1.00683	0	-1062.73
8.03	0.770534	-1.01423	0	0.124689	-0.380512	0	-0.124687	0.380514	0	-0.770536	1.01423	0	-1089.52
8.04	0.776068	-1.01657	0	0.209479	-0.3188	0	-0.209477	0.318801	0	-0.776071	1.01657	0	-1104
8.05	0.77731	-1.0135	0	0.292835	-0.254142	0	-0.292833	0.254143	0	-0.777312	1.0135	0	-1099.06
8.06	0.774641	-1.00476	0	0.373035	-0.188188	0	-0.373032	0.188189	0	-0.774643	1.00476	0	-1077.29
8.07	0.768489	-0.990225	0	0.449357	-0.122863	0	-0.449355	0.122864	0	-0.768492	0.990224	0	-1047.98
8.08	0.759279	-0.969887	0	0.521833	-0.0596331	0	-0.52183	0.0596336	0	-0.759281	0.969886	0	-1018.84
8.09	0.747394	-0.943807	0	0.590732	0.000643617	0	-0.590729	-0.000643395	0	-0.747397	0.943807	0	-993.494
8.1	0.73317	-0.912097	0	0.656293	0.0575383	0	-0.65629	-0.0575384	0	-0.733173	0.912097	0	-972.957
8.11	0.716896	-0.874886	0	0.718645	0.110862	0	-0.718642	-0.110863	0	-0.716898	0.874886	0	-957.155
8.12	0.698816	-0.832313	0	0.777821	0.160544	0	-0.777819	-0.160545	0	-0.698819	0.832314	0	-945.713
8.13	0.679146	-0.784509	0	0.833781	0.206566	0	-0.833778	-0.206567	0	-0.679148	0.78451	0	-938.249
8.14	0.65807	-0.731596	0	0.886429	0.248926	0	-0.886426	-0.248927	0	-0.658073	0.731598	0	-934.487
8.15	0.635755	-0.67368	0	0.935633	0.287627	0	-0.93563	-0.287629	0	-0.635757	0.673681	0	-934.281
8.16	0.612341	-0.610848	0	0.981228	0.322669	0	-0.981225	-0.322671	0	-0.612344	0.61085	0	-937.624
8.17	0.587949	-0.54317	0	1.02302	0.354045	0	-1.02302	-0.354047	0	-0.587951	0.543173	0	-944.645
8.18	0.562662	-0.470698	0	1.0608	0.381748	0	-1.0608	-0.38175	0	-0.562665	0.470701	0	-955.609
8.19	0.536514	-0.393471	0	1.09431	0.405774	0	-1.09431	-0.405777	0	-0.536516	0.393474	0	-970.885
8.2	0.509452	-0.311531	0	1.12328	0.426131	0	-1.12328	-0.426134	0	-0.509454	0.311534	0	-990.861
8.21	0.481286	-0.224963	0	1.1474	0.44285	0	-1.1474	-0.442854	0	-0.481288	0.224967	0	-1015.66
8.22	0.45162	-0.13399	0	1.16633	0.456003	0	-1.16632	-0.456006	0	-0.451622	0.133993	0	-1044.44
8.23	0.419803	-0.0391515	0	1.1797	0.465722	0	-1.1797	-0.465726	0	-0.419805	0.0391555	0	-1073.92
8.24	0.385049	0.0583981	0	1.18718	0.472226	0	-1.18718	-0.47223	0	-0.38505	-0.0583939	0	-1096.77
8.25	0.346899	0.156719	0	1.18843	0.47583	0	-1.18843	-0.475835	0	-0.3469	-0.156714	0	-1103.53
8.26	0.305855	0.253493	0	1.18326	0.476936	0	-1.18326	-0.476941	0	-0.305855	-0.253488	0	-1090.59
8.27	0.263367	0.346936	0	1.17159	0.47599	0	-1.17159	-0.475994	0	-0.263367	-0.346932	0	-1064.36
8.28	0.221069	0.436238	0	1.15345	0.473425	0	-1.15345	-0.473429	0	-0.221069	-0.436233	0	-1034.26
8.29	0.180171	0.521254	0	1.12898	0.469627	0	-1.12898	-0.469632	0	-0.180171	-0.521249	0	-1006.28
8.3	0.141377	0.60208	0	1.09837	0.464922	0	-1.09838	-0.464926	0	-0.141376	-0.602075	0	-982.726
8.31	0.105038	0.678826	0	1.06182	0.459576	0	-1.06183	-0.459581	0	-0.105037	-0.678821	0	-964.023
8.32	0.0713007	0.751547	0	1.01954	0.453811	0	-1.01954	-0.453815	0	-0.0712987	-0.751542	0	-949.905
8.33	0.0402062	0.820235	0	0.971709	0.447809	0	-0.971711	-0.447813	0	-0.0402037	-0.82023	0	-939.965
8.34	0.0117454	0.884829	0	0.918515	0.441727	0	-0.918518	-0.441731	0	-0.0117424	-0.884825	0	-933.854
8.35	-0.0141135	0.945229	0	0.860117	0.435701	0	-0.86012	-0.435705	0	0.014117	-0.945226	0	-931.34
8.36	-0.0374108	1.0013	0	0.79665	0.429851	0	-0.796654	-0.429854	0	0.0374148	-1.0013	0	-932.327
8.37	-0.0581901	1.05287	0	0.728229	0.42428	0	-0.728234	-0.424283	0	0.0581946	-1.05287	0	-936.857
8.38	-0.0764978	1.09977	0	0.654943	0.419072	0	-0.654948	-0.419075	0	0.0765029	-1.09976	0	-945.105
8.39	-0.0923868	1.14176	0	0.576852	0.414276	0	-0.576857	-0.414279	0	0.0923923	-1.14175	0	-957.378
8.4	-0.105923	1.1786	0	0.493993	0.409886	0	-0.493999	-0.409889	0	0.105929	-1.1786	0	-974.068
8.41	-0.117193	1.21004	0	0.406386	0.405793	0	-0.406392	-0.405795	0	0.1172	-1.21004	0	-995.527
8.42	-0.126321	1.23579	0	0.314072	0.401717	0	-0.314079	-0.401719	0	0.126328	-1.23578	0	-1021.69
8.43	-0.133482	1.25553	0	0.217206	0.397108	0	-0.217213	-0.397109	0	0.133489	-1.25552	0	-1051.13
8.44	-0.138918	1.26897	0	0.116268	0.391069	0	-0.116275	-0.39107	0	0.138925	-1.26897	0	-1079.41
8.45	-0.142953	1.27585	0	0.0124058	0.382486	0	-0.0124135	-0.382486	0	0.14296	-1.27585	0	-1098.03
8.46	-0.145986	1.27599	0	-0.09237	0.370574	0	0.0923622	-0.370574	0	0.145993	-1.27599	0	-1098.34
8.47	-0.148457	1.26935	0	-0.195666	0.355555	0	0.195659	-0.355554	0	0.148465	-1.26935	0	-1080.04
8.48	-0.150796	1.25601	0	-0.295633	0.338592	0	0.295625	-0.33859	0	0.150804	-1.25601	0	-1051.53
8.49	-0.153378	1.23615	0	-0.391343	0.321036	0	0.391335	-0.321033	0	0.153385	-1.23615	0	-1021.5
8.5	-0.156505	1.21002	0	-0.482505	0.303897	0	0.482497	-0.303893	0	0.156512	-1.21002	0	-994.634
8.51	-0.160413	1.17787	0	-0.569092	0.28777	0	0.569085	-0.287766	0	0.16042	-1.17787	0	-972.452
8.52	-0.165282	1.13997	0	-0.651138	0.272954	0	0.651131	-0.272949	0	0.165289	-1.13997	0	-955.06
8.53	-0.171254	1.09655	0	-0.728658	0.259567	0	0.728652	-0.259561	0	0.17126	-1.09656	0	-942.103
8.54	-0.178439	1.04786	0	-0.801634	0.24763	0	0.801629	-0.247623	0	0.178445	-1.04786	0	-933.172
8.55	-0.186931	0.99407	0	-0.870008	0.237112	0	0.870003	-0.237105	0	0.186937	-0.994077	0	-927.94
8.56	-0.196811	0.935376	0	-0.933689	0.227956	0	0.933684	-0.227948	0	0.196816	-0.935384	0	-926.208
8.57	-0.208151	0.871926	0	-0.992556	0.220091	0	0.992552	-0.220083	0	0.208155	-0.871934	0	-927.909
8.58	-0.221014	0.803842	0	-1.04646	0.213437	0	1.04646	-0.213428	0	0.221018	-0.803852	0	-933.112
8.59	-0.23545	0.731221	0	-1.09524	0.207904	0	1.09524	-0.207894	0	0.235453	-0.731231	0	-942.02
8.6	-0.251483	0.654119	0	-1.13869	0.203391	0	1.13869	-0.20338	0	0.251485	-0.65413	0	-954.959
8.61	-0.269081	0.572556	0	-1.1766	0.199775	0	1.1766	-0.199764	0	0.269082	-0.572567	0	-972.338
8.62	-0.288116	0.486508	0	-1.20874	0.196908	0	1.20874	-0.196897	0	0.288116	-0.48652	0	-994.495
8.63	-0.308273	0.39593	0	-1.23486	0.194599	0	1.23486	-0.194587	0	0.308272	-0.395942	0	-1021.28
8.64	-0.328933	0.300828	0	-1.25473	0.192605	0	1.25473	-0.192592	0	0.328932	-0.300841	0	-1051.06
8.65	-0.349048	0.201468	0	-1.26811	0.190616	0	1.26811	-0.190603	0	0.349046	-0.201481	0	-1078.97
8.66	-0.367214	0.098752	0	-1.27485	0.188256	0	1.27485	-0.188244	0	0.367211	-0.0987649	0	-1096.14
8.67	-0.38221	-0.00548335	0	-1.27489	0.185104	0	1.27489	-0.185091	0	0.382206	0.00547056	0	-1094.44
8.68	-0.393765	-0.108849	0	-1.2683	0.180732	0	1.2683	-0.180719	0	0.39376	0.108837	0	-1074.73
8.69	-0.402626	-0.209336	0	-1.25528	0.174761	0	1.25529	-0.174749	0	0.402619	0.209323	0	-1045.83
8.7	-0.40988	-0.30579	0	-1.2361	0.166891	0	1.23611	-0.16688	0	0.409872	0.305779	0	-1016.1
8.71	-0.416413	-0.397731	0	-1.21107	0.156902	0	1.21108	-0.156891	0	0.416404	0.39772	0	-989.783
8.72	-0.422772	-0.485006	0	-1.18048	0.144641	0	1.18049	-0.144631	0	0.422762	0.484996	0	-968.192
8.73	-0.42924	-0.567579	0	-1.14463	0.130003	0	1.14464	-0.129994	0	0.429228	0.56757	0	-951.344
8.74	-0.435929	-0.64544	0	-1.10378	0.11292	0	1.10379	-0.112912	0	0.435917	0.645432	0	-938.865
8.75	-0.442852	-0.718564	0	-1.05817	0.0933415	0	1.05818	-0.0933346	0	0.442839	0.718557	0	-930.349
8.76	-0.449967	-0.786901	0	-1.00801	0.0712291	0	1.00802	-0.0712234	0	0.449952	0.786895	0	-925.481
8.77	-0.457194	-0.850376	0	-0.953478	0.0465498	0	0.953493	-0.0465454	0	0.457179	0.850371	0	-924.072
8.78	-0.464438	-0.908888	0	-0.894743	0.0192722	0	0.89476	-0.0192691	0	0.464422	0.908885	0	-926.066
8.79	-0.471586	-0.962315	0	-0.831935	-0.010634	0	0.831952	0.0106356	0	0.471569	0.962314	0	-931.543
8.8	-0.47851	-1.01051	0	-0.765151	-0.0431932	0	0.765169	0.0431934	0	0.478492	1.01051	0	-940.714
8.81	-0.485063	-1.05332	0	-0.694448	-0.0784127	0	0.694467	0.0784114	0	0.485045	1.05332	0	-953.914
8.82	-0.491077	-1.09055	0	-0.619833	-0.116258	0	0.619853	0.116255	0	0.491057	1.09056	0	-971.555
8.83	-0.496348	-1.12203	0	-0.541244	-0.156607	0	0.541264	0.156602	0	0.496327	1.12203	0	-993.976
8.84	-0.50063	-1.14756	0	-0.458554	-0.199162	0	0.458574	0.199155	0	0.50061	1.14756	0	-1021.01
8.85	-0.503627	-1.16696	0	-0.371609	-0.24331	0	0.37163	0.243302	0	0.503607	1.16697	0	-1050.94
8.86	-0.504985	-1.1801	0	-0.280407	-0.287956	0	0.280428	0.287946	0	0.504964	1.18011	0	-1078.79
8.87	-0.504298	-1.18692	0	-0.185488	-0.331501	0	0.185508	0.331489	0	0.504278	1.18693	0	-1095.59
8.88	-0.501145	-1.18747	0	-0.0883495	-0.372313	0	0.0883691	0.372299	0	0.501125	1.18749	0	-1093.37
8.89	-0.495133	-1.18194	0	0.00875204	-0.409561	0	-0.00873344	0.409546	0	0.495114	1.18195	0	-1073.28
8.9	-0.485947	-1.1706	0	0.103698	-0.443489	0	-0.103681	0.443472	0	0.485929	1.17062	0	-1044.29
8.91	-0.473366	-1.1538	0	0.195124	-0.474869	0	-0.195108	0.47485	0	0.47335	1.15382	0	-1014.66
8.92	-0.457256	-1.13188	0	0.282354	-0.50443	0	-0.28234	0.50441	0	0.457242	1.1319	0	-988.503
8.93	-0.437547	-1.10517	0	0.365111	-0.532656	0	-0.365099	0.532635	0	0.437534	1.1052	0	-967.076
8.94	-0.414211	-1.07399	0	0.443293	-0.559807	0	-0.443283	0.559784	0	0.414201	1.07401	0	-950.374
8.95	-0.387248	-1.03859	0	0.516862	-0.585984	0	-0.516854	0.58596	0	0.38724	1.03862	0	-938.019
8.96	-0.356669	-0.999233	0	0.585789	-0.611192	0	-0.585784	0.611167	0	0.356663	0.999258	0	-929.605
8.97	-0.322491	-0.956117	0	0.650038	-0.635373	0	-0.650035	0.635347	0	0.322488	0.956144	0	-924.821
8.98	-0.28473	-0.909435	0	0.709555	-0.658433	0	-0.709555	0.658405	0	0.284729	0.909463	0	-923.483
8.99	-0.243394	-0.85935	0	0.764268	-0.68025	0	-0.76427	0.680222	0	0.243396	0.859378	0	-925.537
9	-0.198489	-0.805994	0	0.814087	-0.700685	0	-0.814092	0.700655	0	0.198494	0.806024	0	-931.066
9.01	-0.150017	-0.74947	0	0.858905	-0.719576	0	-0.858913	0.719546	0	0.150025	0.749501	0	-940.284
9.02	-0.097987	-0.689833	0	0.898603	-0.736741	0	-0.898614	0.736709	0	0.0979975	0.689864	0	-953.528
9.03	-0.0424363	-0.627076	0	0.933053	-0.751968	0	-0.933067	0.751936	0	0.0424498	0.627108	0	-971.211
9.04	0.0165265	-0.561107	0	0.962127	-0.765014	0	-0.962144	0.764983	0	-0.01651	0.561138	0	-993.662
9.05	0.0786375	-0.491719	0	0.985706	-0.775595	0	-0.985725	0.775563	0	-0.0786179	0.491751	0	-1020.69
9.06	0.143328	-0.418606	0	1.0037	-0.783378	0	-1.00372	0.783347	0	-0.143306	0.418637	0	-1050.53
9.07	0.209517	-0.341487	0	1.01607	-0.787989	0	-1.0161	0.787958	0	-0.209492	0.341517	0	-1078.07
9.08	0.2755	-0.260492	0	1.02287	-0.789026	0	-1.0229	0.788997	0	-0.275472	0.260521	0	-1094.3
9.09	0.339315	-0.176683	0	1.02426	-0.7861	0	-1.02429	0.786073	0	-0.339284	0.17671	0	-1091.36
9.1	0.399612	-0.0920486	0	1.02052	-0.778886	0	-1.02055	0.778861	0	-0.399578	0.0920732	0	-1070.71
9.11	0.456119	-0.00868977	0	1.01199	-0.767159	0	-1.01203	0.767137	0	-0.456083	0.00871166	0	-1041.41
9.12	0.509258	0.0718979	0	0.999075	-0.750801	0	-0.999113	0.750782	0	-0.50922	-0.0718791	0	-1011.63
9.13	0.55957	0.148897	0	0.982125	-0.729775	0	-0.982165	0.729759	0	-0.559531	-0.148882	0	-985.404
9.14	0.607458	0.221929	0	0.961479	-0.704102	0	-0.96152	0.704091	0	-0.607417	-0.221917	0	-963.911
9.15	0.653151	0.290838	0	0.937431	-0.673838	0	-0.937474	0.67383	0	-0.653108	-0.290831	0	-947.128
9.16	0.696741	0.355566	0	0.91024	-0.639051	0	-0.910283	0.639048	0	-0.696697	-0.355562	0	-934.665
9.17	0.73823	0.416088	0	0.88013	-0.599817	0	-0.880175	0.599819	0	-0.738185	-0.416089	0	-926.112
9.18	0.77756	0.472387	0	0.847299	-0.556208	0	-0.847345	0.556214	0	-0.777514	-0.472393	0	-921.15
9.19	0.814632	0.524437	0	0.811921	-0.508288	0	-0.811968	0.508299	0	-0.814585	-0.524448	0	-919.59
9.2	0.849318	0.572201	0	0.774146	-0.456109	0	-0.774193	0.456125	0	-0.84927	-0.572217	0	-921.372
9.21	0.881465	0.615629	0	0.734098	-0.399711	0	-0.734146	0.399731	0	-0.881418	-0.61565	0	-926.568
9.22	0.910902	0.654659	0	0.691871	-0.339121	0	-0.691919	0.339147	0	-0.910854	-0.654685	0	-935.384
9.23	0.937429	0.689224	0	0.647515	-0.274363	0	-0.647563	0.274394	0	-0.937381	-0.689255	0	-948.147
9.24	0.960822	0.719252	0	0.601014	-0.205469	0	-0.601061	0.205505	0	-0.960775	-0.719288	0	-965.27
9.25	0.980825	0.744678	0	0.552255	-0.13251	0	-0.552302	0.132551	0	-0.980779	-0.744719	0	-987.116
9.26	0.997147	0.765455	0	0.500982	-0.055669	0	-0.501027	0.0557151	0	-0.997102	-0.765502	0	-1013.61
9.27	1.00946	0.781571	0	0.44676	0.0246238	0	-0.446803	-0.0245728	0	-1.00941	-0.781622	0	-1043.28
9.28	1.0174	0.79307	0	0.389034	0.107467	0	-0.389074	-0.107412	0	-1.01736	-0.793126	0	-1071.57
9.29	1.0206	0.800084	0	0.327428	0.191264	0	-0.327465	-0.191204	0	-1.02056	-0.800144	0	-1089.84
9.3	1.01873	0.802845	0	0.262339	0.273868	0	-0.262372	-0.273804	0	-1.0187	-0.802908	0	-1089.55
9.31	1.01153	0.801681	0	0.195245	0.353376	0	-0.195273	-0.353309	0	-1.01151	-0.801748	0	-1070.74
9.32	0.998872	0.796976	0	0.128134	0.428879	0	-0.128156	-0.428809	0	-0.998849	-0.797045	0	-1041.97
9.33	0.980711	0.789119	0	0.0626458	0.500356	0	-0.0626622	-0.500284	0	-0.980695	-0.789191	0	-1011.88
9.34	0.9571	0.77847	0	-0.000208961	0.568137	0	0.000199092	-0.568064	0	-0.957091	-0.778544	0	-985.012
9.35	0.928136	0.765344	0	-0.0599128	0.63255	0	0.0599098	-0.632476	0	-0.928133	-0.765419	0	-962.806
9.36	0.893938	0.750011	0	-0.116231	0.693809	0	0.116235	-0.693733	0	-0.893942	-0.750086	0	-945.33
9.37	0.854636	0.732701	0	-0.16907	0.752014	0	0.169082	-0.751939	0	-0.854648	-0.732776	0	-932.207
9.38	0.810357	0.71361	0	-0.2184	0.807183	0	0.21842	-0.807108	0	-0.810377	-0.713685	0	-923.014
9.39	0.761219	0.69291	0	-0.264215	0.85927	0	0.264243	-0.859195	0	-0.761247	-0.692985	0	-917.411
9.4	0.707325	0.67075	0	-0.306513	0.908187	0	0.306549	-0.908113	0	-0.707361	-0.670825	0	-915.181
9.41	0.648764	0.647261	0	-0.345287	0.953814	0	0.345332	-0.95374	0	-0.648809	-0.647335	0	-916.238
9.42	0.585606	0.622554	0	-0.380525	0.996002	0	0.380578	-0.99593	0	-0.585659	-0.622626	0	-920.625
9.43	0.517901	0.596714	0	-0.412208	1.03458	0	0.41227	-1.03451	0	-0.517963	-0.596785	0	-928.515
9.44	0.445684	0.569792	0	-0.440312	1.06936	0	0.440382	-1.06929	0	-0.445755	-0.569861	0	-940.207
9.45	0.368977	0.541783	0	-0.464817	1.10011	0	0.464896	-1.10004	0	-0.369056	-0.541848	0	-956.106
9.46	0.287807	0.512589	0	-0.485711	1.12658	0	0.485798	-1.12652	0	-0.287894	-0.512651	0	-976.625
9.47	0.202252	0.48197	0	-0.503005	1.1485	0	0.5031	-1.14844	0	-0.202348	-0.482028	0	-1001.91
9.48	0.112537	0.449471	0	-0.516743	1.16555	0	0.516846	-1.16549	0	-0.11264	-0.449524	0	-1031.09
9.49	0.0192291	0.414389	0	-0.527027	1.1774	0	0.527136	-1.17735	0	-0.0193387	-0.414436	0	-1060.81
9.5	-0.0764679	0.375915	0	-0.534034	1.18373	0	0.53415	-1.18369	0	0.0763522	-0.375955	0	-1083.61
9.51	-0.172563	0.33364	0	-0.538035	1.18424	0	0.538156	-1.18421	0	0.172442	-0.333671	0	-1089.98
9.52	-0.26675	0.288188	0	-0.539381	1.17872	0	0.539505	-1.1787	0	0.266626	-0.28821	0	-1076.58
9.53	-0.35735	0.241142	0	-0.538466	1.16709	0	0.538593	-1.16708	0	0.357223	-0.241154	0	-1050.03
9.54	-0.443693	0.19422	0	-0.535681	1.14938	0	0.53581	-1.14938	0	0.443564	-0.194221	0	-1019.79
9.55	-0.525764	0.148669	0	-0.531378	1.12569	0	0.531507	-1.1257	0	0.525634	-0.148659	0	-991.73
9.56	-0.603751	0.105211	0	-0.525852	1.09618	0	0.52598	-1.09621	0	0.603623	-0.105188	0	-968.084
9.57	-0.677834	0.0642083	0	-0.51935	1.06103	0	0.519477	-1.06107	0	0.677707	-0.0641735	0	-949.211
9.58	-0.748117	0.0258217	0	-0.512075	1.02041	0	0.5122	-1.02046	0	0.747992	-0.025774	0	-934.814
9.59	-0.814629	-0.00989351	0	-0.504197	0.974497	0	0.504319	-0.974558	0	0.814507	0.00995449	0	-924.462
9.6	-0.877343	-0.0429309	0	-0.49586	0.923445	0	0.495978	-0.923519	0	0.877225	0.0430055	0	-917.782
9.61	-0.936186	-0.0733047	0	-0.48719	0.867395	0	0.487304	-0.867483	0	0.936072	0.0733932	0	-914.516
9.62	-0.991049	-0.101036	0	-0.478296	0.806469	0	0.478405	-0.806572	0	0.990939	0.101138	0	-914.536
9.63	-1.04179	-0.126145	0	-0.469275	0.740768	0	0.469378	-0.740885	0	1.04169	0.126262	0	-917.842
9.64	-1.08826	-0.148653	0	-0.460205	0.67037	0	0.460303	-0.670501	0	1.08816	0.148784	0	-924.564
9.65	-1.13026	-0.168582	0	-0.451141	0.595326	0	0.451232	-0.59547	0	1.13017	0.168726	0	-934.963
9.66	-1.16758	-0.185959	0	-0.442093	0.515662	0	0.442176	-0.515821	0	1.1675	0.186117	0	-949.413
9.67	-1.19999	-0.200826	0	-0.432997	0.431387	0	0.43307	-0.431558	0	1.19991	0.200997	0	-968.345
9.68	-1.22722	-0.213246	0	-0.423661	0.342507	0	0.423725	-0.342691	0	1.22715	0.213429	0	-992.05
9.69	-1.24898	-0.22332	0	-0.413686	0.249086	0	0.413738	-0.24928	0	1.24893	0.223515	0	-1020.14
9.7	-1.26499	-0.231203	0	-0.40237	0.151383	0	0.402409	-0.151587	0	1.26495	0.231407	0	-1050.34
9.71	-1.27495	-0.237117	0	-0.388699	0.050129	0	0.388724	-0.0503413	0	1.27492	0.237329	0	-1076.65
9.72	-1.27862	-0.241367	0	-0.371652	-0.0531391	0	0.371662	0.0529208	0	1.27861	0.241585	0	-1089.58
9.73	-1.27583	-0.244326	0	-0.350903	-0.156134	0	0.350895	0.155912	0	1.27584	0.244548	0	-1082.64
9.74	-1.26656	-0.246399	0	-0.32727	-0.256611	0	0.327244	0.256388	0	1.26659	0.246623	0	-1059.42
9.75	-1.2509	-0.247974	0	-0.302236	-0.353178	0	0.302191	0.352956	0	1.25094	0.248197	0	-1029.49
9.76	-1.22901	-0.249387	0	-0.277157	-0.44532	0	0.277092	0.445102	0	1.22907	0.249606	0	-1000.22
9.77	-1.2011	-0.250909	0	-0.252932	-0.53298	0	0.252848	0.532767	0	1.20118	0.251122	0	-974.892
9.78	-1.16741	-0.252755	0	-0.230061	-0.616238	0	0.229956	0.616032	0	1.16751	0.252961	0	-954.329
9.79	-1.12816	-0.255092	0	-0.208782	-0.695172	0	0.208656	0.694975	0	1.12828	0.25529	0	-938.37
9.8	-1.08356	-0.258054	0	-0.18919	-0.769817	0	0.189043	0.769629	0	1.0837	0.258241	0	-926.597
9.81	-1.03381	-0.261749	0	-0.171299	-0.840159	0	0.171131	0.839984	0	1.03397	0.261925	0	-918.601
9.82	-0.979078	-0.266269	0	-0.155088	-0.906146	0	0.154897	0.905983	0	0.979268	0.266432	0	-914.08
9.83	-0.919525	-0.271693	0	-0.140513	-0.96769	0	0.1403	0.967541	0	0.919737	0.271842	0	-912.859
9.84	-0.855276	-0.278094	0	-0.127523	-1.02467	0	0.127289	1.02454	0	0.85551	0.278228	0	-914.89
9.85	-0.786436	-0.285533	0	-0.116061	-1.07695	0	0.115805	1.07684	0	0.786692	0.285651	0	-920.255
9.86	-0.713079	-0.294055	0	-0.106065	-1.12437	0	0.105788	1.12426	0	0.713356	0.294156	0	-929.166
9.87	-0.635248	-0.303679	0	-0.0974631	-1.16672	0	0.0971659	1.16664	0	0.635545	0.303762	0	-941.956
9.88	-0.552947	-0.314368	0	-0.0901665	-1.20381	0	0.0898504	1.20375	0	0.553263	0.314431	0	-959.046
9.89	-0.466145	-0.325986	0	-0.0840639	-1.2354	0	0.0837305	1.23536	0	0.466479	0.326028	0	-980.819
9.9	-0.3748	-0.338219	0	-0.079008	-1.26126	0	0.0786594	1.26124	0	0.375148	0.338238	0	-1007.25
9.91	-0.278927	-0.35046	0	-0.0748029	-1.28113	0	0.0744419	1.28113	0	0.279288	0.350453	0	-1036.96
9.92	-0.178806	-0.361696	0	-0.0711913	-1.29477	0	0.0708213	1.2948	0	0.179176	0.361663	0	-1065.59
9.93	-0.0753476	-0.370581	0	-0.0678487	-1.302	0	0.0674735	1.30206	0	0.0757228	0.370518	0	-1084.6
9.94	0.0296113	-0.375956	0	-0.0643951	-1.30271	0	0.0640189	1.3028	0	-0.0292352	0.375864	0	-1085.24
9.95	0.133662	-0.377633	0	-0.0604309	-1.29693	0	0.0600583	1.29705	0	-0.133289	0.37751	0	-1067.03
9.96	0.234776	-0.376495	0	-0.055586	-1.28479	0	0.0552213	1.28494	0	-0.234412	0.376341	0	-1038.38
9.97	0.33183	-0.373791	0	-0.0495537	-1.26651	0	0.049201	1.26669	0	-0.331477	0.373605	0	-1008.1
9.98	0.424398	-0.370536	0	-0.0421005	-1.24235	0	0.0417637	1.24257	0	-0.424062	0.370319	0	-980.898
9.99	0.512394	-0.367369	0	-0.0330576	-1.2126	0	0.0327399	1.21285	0	-0.512077	0.36712	0	-958.324
10	0.595835	-0.364629	0	-0.0223054	-1.17751	0	0.0220099	1.17779	0	-0.595539	0.364348	0	-940.462


