#Pohyb ctyr objektu 
#Pocatecni cas: 0
#Koncovy cas: 10
#Metoda RungeKutta4 
#Step: 0.0001
#Vypisuje po casech 0.01

#t 	 x1 	 y1 	 z1 	 x2 	 y2 	 z2 	 z1 	 z2 	 x3 	 y3 	 z3 	 x4 	 y4 	 z4 	 E 
0	-1	-0.577385	0	-0.372448	-0.219556	0	0.372448	0.219556	0	1	0.577385	0	-1212.59
0.01	-0.996388	-0.573092	0	-0.318684	-0.313492	0	0.318684	0.313492	0	0.996388	0.573092	0	-1203.14
0.02	-0.983851	-0.564871	0	-0.267089	-0.405831	0	0.267089	0.405831	0	0.983851	0.564871	0	-1180.78
0.03	-0.962272	-0.553709	0	-0.219058	-0.495342	0	0.219058	0.495342	0	0.962272	0.553709	0	-1154.15
0.04	-0.931746	-0.540533	0	-0.175524	-0.581299	0	0.175524	0.581299	0	0.931746	0.540533	0	-1129.5
0.05	-0.892501	-0.52616	0	-0.136948	-0.663195	0	0.136948	0.663195	0	0.892501	0.52616	0	-1109.7
0.06	-0.844833	-0.511301	0	-0.103464	-0.740581	0	0.103464	0.740581	0	0.844833	0.511301	0	-1095.63
0.07	-0.78907	-0.496573	0	-0.0750252	-0.813004	0	0.0750252	0.813004	0	0.78907	0.496573	0	-1087.43
0.08	-0.725546	-0.482519	0	-0.0514791	-0.87999	0	0.0514791	0.87999	0	0.725546	0.482519	0	-1085.02
0.09	-0.654591	-0.469621	0	-0.0326136	-0.941037	0	0.0326136	0.941037	0	0.654591	0.469621	0	-1088.36
0.1	-0.576533	-0.458304	0	-0.0181685	-0.995613	0	0.0181685	0.995613	0	0.576533	0.458304	0	-1097.5
0.11	-0.49171	-0.448925	0	-0.0078312	-1.04315	0	0.0078312	1.04315	0	0.49171	0.448925	0	-1112.5
0.12	-0.4005	-0.441731	0	-0.00121747	-1.08305	0	0.00121747	1.08305	0	0.4005	0.441731	0	-1133.19
0.13	-0.303384	-0.436795	0	0.00215702	-1.11471	0	-0.00215702	1.11471	0	0.303384	0.436795	0	-1158.42
0.14	-0.20108	-0.433924	0	0.0029112	-1.13752	0	-0.0029112	1.13752	0	0.20108	0.433924	0	-1184.88
0.15	-0.094779	-0.43263	0	0.00182562	-1.15095	0	-0.00182562	1.15095	0	0.094779	0.43263	0	-1205.75
0.16	0.0136391	-0.432335	0	-0.000162327	-1.15464	0	0.000162327	1.15464	0	-0.0136391	0.432335	0	-1212.46
0.17	0.121742	-0.432819	0	-0.00202031	-1.14849	0	0.00202031	1.14849	0	-0.121742	0.432819	0	-1201.55
0.18	0.227191	-0.434433	0	-0.00273059	-1.13267	0	0.00273059	1.13267	0	-0.227191	0.434433	0	-1178.46
0.19	0.328285	-0.43777	0	-0.00139161	-1.10759	0	0.00139161	1.10759	0	-0.328285	0.43777	0	-1151.81
0.2	0.423979	-0.443249	0	0.00273554	-1.07381	0	-0.00273554	1.07381	0	-0.423979	0.443249	0	-1127.52
0.21	0.513631	-0.45099	0	0.0102331	-1.03194	0	-0.0102331	1.03194	0	-0.513631	0.45099	0	-1108.21
0.22	0.596796	-0.460869	0	0.0215574	-0.98258	0	-0.0215574	0.98258	0	-0.596796	0.460869	0	-1094.67
0.23	0.673109	-0.472606	0	0.0370725	-0.926329	0	-0.0370725	0.926329	0	-0.673109	0.472606	0	-1086.99
0.24	0.742237	-0.485825	0	0.0570767	-0.863741	0	-0.0570767	0.863741	0	-0.742237	0.485825	0	-1085.09
0.25	0.803851	-0.500086	0	0.0818185	-0.795342	0	-0.0818185	0.795342	0	-0.803851	0.500086	0	-1088.95
0.26	0.857621	-0.514893	0	0.111497	-0.721626	0	-0.111497	0.721626	0	-0.857621	0.514893	0	-1098.61
0.27	0.903212	-0.529684	0	0.146244	-0.643062	0	-0.146244	0.643062	0	-0.903212	0.529684	0	-1114.14
0.28	0.940302	-0.543823	0	0.186072	-0.560098	0	-0.186072	0.560098	0	-0.940302	0.543823	0	-1135.3
0.29	0.968606	-0.556572	0	0.230777	-0.473191	0	-0.230777	0.473191	0	-0.968606	0.556572	0	-1160.82
0.3	0.987923	-0.567085	0	0.279795	-0.38288	0	-0.279795	0.38288	0	-0.987923	0.567085	0	-1187.11
0.31	0.998205	-0.574415	0	0.332062	-0.289989	0	-0.332062	0.289989	0	-0.998205	0.574415	0	-1207.05
0.32	0.999629	-0.577569	0	0.386115	-0.195919	0	-0.386115	0.195919	0	-0.999629	0.577569	0	-1212.18
0.33	0.992643	-0.575608	0	0.440582	-0.102711	0	-0.440582	0.102711	0	-0.992643	0.575608	0	-1199.84
0.34	0.977926	-0.567758	0	0.494652	-0.012551	0	-0.494652	0.012551	0	-0.977926	0.567758	0	-1176.09
0.35	0.956293	-0.553465	0	0.54802	0.0728512	0	-0.54802	-0.0728512	0	-0.956293	0.553465	0	-1149.47
0.36	0.928593	-0.532382	0	0.600528	0.152433	0	-0.600528	-0.152433	0	-0.928593	0.532382	0	-1125.56
0.37	0.895639	-0.50432	0	0.651949	0.225613	0	-0.651949	-0.225613	0	-0.895639	0.50432	0	-1106.75
0.38	0.858183	-0.469199	0	0.701942	0.292085	0	-0.701942	-0.292085	0	-0.858183	0.469199	0	-1093.73
0.39	0.816911	-0.427003	0	0.750077	0.351684	0	-0.750077	-0.351684	0	-0.816911	0.427003	0	-1086.58
0.4	0.772451	-0.377754	0	0.795856	0.404312	0	-0.795856	-0.404312	0	-0.772451	0.377754	0	-1085.2
0.41	0.725376	-0.321502	0	0.838729	0.449909	0	-0.838729	-0.449909	0	-0.725376	0.321502	0	-1089.57
0.42	0.676209	-0.258324	0	0.878096	0.488437	0	-0.878096	-0.488437	0	-0.676209	0.258324	0	-1099.76
0.43	0.625417	-0.188348	0	0.9133	0.519891	0	-0.9133	-0.519891	0	-0.625417	0.188348	0	-1115.81
0.44	0.573386	-0.111799	0	0.94362	0.544316	0	-0.94362	-0.544316	0	-0.573386	0.111799	0	-1137.43
0.45	0.5204	-0.0291037	0	0.968271	0.561845	0	-0.968271	-0.561845	0	-0.5204	0.0291037	0	-1163.22
0.46	0.466634	0.0589341	0	0.986416	0.572739	0	-0.986416	-0.572739	0	-0.466634	-0.0589341	0	-1189.28
0.47	0.412284	0.150923	0	0.997213	0.577449	0	-0.997213	-0.577449	0	-0.412284	-0.150923	0	-1208.21
0.48	0.357877	0.244852	0	0.999904	0.576645	0	-0.999904	-0.576645	0	-0.357877	-0.244852	0	-1211.74
0.49	0.304547	0.33852	0	0.993919	0.571199	0	-0.993919	-0.571199	0	-0.304547	-0.33852	0	-1198.04
0.5	0.253791	0.430196	0	0.978953	0.562092	0	-0.978953	-0.562092	0	-0.253791	-0.430196	0	-1173.71
0.51	0.2069	0.51881	0	0.954953	0.550303	0	-0.954953	-0.550303	0	-0.2069	-0.51881	0	-1147.16
0.52	0.164672	0.603722	0	0.922057	0.53673	0	-0.922057	-0.53673	0	-0.164672	-0.603722	0	-1123.64
0.53	0.127462	0.68445	0	0.880516	0.522163	0	-0.880516	-0.522163	0	-0.127462	-0.68445	0	-1105.34
0.54	0.0953463	0.760549	0	0.83064	0.507283	0	-0.83064	-0.507283	0	-0.0953463	-0.760549	0	-1092.85
0.55	0.0682417	0.831559	0	0.772758	0.492687	0	-0.772758	-0.492687	0	-0.0682417	-0.831559	0	-1086.22
0.56	0.0459778	0.897	0	0.707204	0.4789	0	-0.707204	-0.4789	0	-0.0459778	-0.897	0	-1085.35
0.57	0.028329	0.956362	0	0.634307	0.46639	0	-0.634307	-0.46639	0	-0.028329	-0.956362	0	-1090.24
0.58	0.0150222	1.0091	0	0.554397	0.455565	0	-0.554397	-0.455565	0	-0.0150222	-1.0091	0	-1100.95
0.59	0.00572766	1.05465	0	0.467818	0.446757	0	-0.467818	-0.446757	0	-0.00572766	-1.05465	0	-1117.53
0.6	3.76383e-05	1.0924	0	0.374966	0.440174	0	-0.374966	-0.440174	0	-3.76383e-05	-1.0924	0	-1139.6
0.61	-0.00256505	1.12173	0	0.276371	0.435827	0	-0.276371	-0.435827	0	0.00256505	-1.12173	0	-1165.62
0.62	-0.00274091	1.14207	0	0.17285	0.43344	0	-0.17285	-0.43344	0	0.00274091	-1.14207	0	-1191.4
0.63	-0.00131513	1.15291	0	0.0657644	0.432468	0	-0.0657644	-0.432468	0	0.00131513	-1.15291	0	-1209.25
0.64	0.000740687	1.15395	0	-0.0428182	0.432382	0	0.0428182	-0.432382	0	-0.000740687	-1.15395	0	-1211.17
0.65	0.00238649	1.14517	0	-0.150417	0.433118	0	0.150417	-0.433118	0	-0.00238649	-1.14517	0	-1196.17
0.66	0.00262765	1.12682	0	-0.254832	0.435141	0	0.254832	-0.435141	0	-0.00262765	-1.12682	0	-1171.33
0.67	0.000604341	1.09934	0	-0.354556	0.439026	0	0.354556	-0.439026	0	-0.000604341	-1.09934	0	-1144.89
0.68	-0.0043781	1.06333	0	-0.448678	0.445115	0	0.448678	-0.445115	0	0.0043781	-1.06333	0	-1121.79
0.69	-0.0128646	1.01938	0	-0.536626	0.453453	0	0.536626	-0.453453	0	0.0128646	-1.01938	0	-1103.99
0.7	-0.0252836	0.968117	0	-0.617982	0.463865	0	0.617982	-0.463865	0	0.0252836	-0.968117	0	-1092.03
0.71	-0.0419792	0.91011	0	-0.692397	0.476041	0	0.692397	-0.476041	0	0.0419792	-0.91011	0	-1085.91
0.72	-0.0632354	0.845911	0	-0.759538	0.489587	0	0.759538	-0.489587	0	0.0632354	-0.845911	0	-1085.56
0.73	-0.089288	0.776036	0	-0.819076	0.504047	0	0.819076	-0.504047	0	0.089288	-0.776036	0	-1090.97
0.74	-0.120321	0.700973	0	-0.87068	0.518908	0	0.87068	-0.518908	0	0.120321	-0.700973	0	-1102.21
0.75	-0.15644	0.621183	0	-0.914017	0.533592	0	0.914017	-0.533592	0	0.15644	-0.621183	0	-1119.3
0.76	-0.197612	0.537115	0	-0.948772	0.547434	0	0.948772	-0.547434	0	0.197612	-0.537115	0	-1141.82
0.77	-0.243553	0.449233	0	-0.974676	0.559671	0	0.974676	-0.559671	0	0.243553	-0.449233	0	-1168.04
0.78	-0.293572	0.35813	0	-0.991561	0.569425	0	0.991561	-0.569425	0	0.293572	-0.35813	0	-1193.47
0.79	-0.346472	0.264756	0	-0.999434	0.575731	0	0.999434	-0.575731	0	0.346472	-0.264756	0	-1210.16
0.8	-0.400755	0.1707	0	-0.998543	0.577597	0	0.998543	-0.577597	0	0.400755	-0.1707	0	-1210.46
0.81	-0.45517	0.0781085	0	-0.989405	0.574121	0	0.989405	-0.574121	0	0.45517	-0.0781085	0	-1194.2
0.82	-0.509071	-0.0109122	0	-0.972746	0.564585	0	0.972746	-0.564585	0	0.509071	0.0109122	0	-1168.92
0.83	-0.562226	-0.0948294	0	-0.949401	0.548493	0	0.949401	-0.548493	0	0.562226	0.0948294	0	-1142.64
0.84	-0.614471	-0.172732	0	-0.920212	0.525547	0	0.920212	-0.525547	0	0.614471	0.172732	0	-1119.95
0.85	-0.665547	-0.24413	0	-0.885977	0.495593	0	0.885977	-0.495593	0	0.665547	0.24413	0	-1102.67
0.86	-0.715088	-0.308767	0	-0.847431	0.458569	0	0.847431	-0.458569	0	0.715088	0.308767	0	-1091.24
0.87	-0.762643	-0.366499	0	-0.805244	0.414473	0	0.805244	-0.414473	0	0.762643	0.366499	0	-1085.64
0.88	-0.807698	-0.417242	0	-0.760028	0.363335	0	0.760028	-0.363335	0	0.807698	0.417242	0	-1085.8
0.89	-0.849691	-0.46094	0	-0.712342	0.305212	0	0.712342	-0.305212	0	0.849691	0.46094	0	-1091.73
0.9	-0.888007	-0.497565	0	-0.662697	0.240191	0	0.662697	-0.240191	0	0.888007	0.497565	0	-1103.5
0.91	-0.921973	-0.527122	0	-0.611539	0.168418	0	0.611539	-0.168418	0	0.921973	0.527122	0	-1121.1
0.92	-0.95085	-0.549676	0	-0.55923	0.0901626	0	0.55923	-0.0901626	0	0.95085	0.549676	0	-1144.06
0.93	-0.973837	-0.565388	0	-0.506022	0.00593077	0	0.506022	-0.00593077	0	0.973837	0.565388	0	-1170.44
0.94	-0.990088	-0.574566	0	-0.452075	-0.0833352	0	0.452075	0.0833352	0	0.990088	0.574566	0	-1195.45
0.95	-0.998776	-0.577719	0	-0.397637	-0.176064	0	0.397637	0.176064	0	0.998776	0.577719	0	-1210.92
0.96	-0.99918	-0.575575	0	-0.343385	-0.270131	0	0.343385	0.270131	0	0.99918	0.575575	0	-1209.59
0.97	-0.9908	-0.569047	0	-0.290601	-0.363406	0	0.290601	0.363406	0	0.9908	0.569047	0	-1192.16
0.98	-0.973402	-0.559125	0	-0.240778	-0.454341	0	0.240778	0.454341	0	0.973402	0.559125	0	-1166.51
0.99	-0.946991	-0.546774	0	-0.195086	-0.542014	0	0.195086	0.542014	0	0.946991	0.546774	0	-1140.41
1	-0.911744	-0.532862	0	-0.154188	-0.625847	0	0.154188	0.625847	0	0.911744	0.532862	0	-1118.17
1.01	-0.867931	-0.518148	0	-0.11835	-0.705376	0	0.11835	0.705376	0	0.867931	0.518148	0	-1101.4
1.02	-0.81587	-0.503291	0	-0.087596	-0.780153	0	0.087596	0.780153	0	0.81587	0.503291	0	-1090.5
1.03	-0.755894	-0.488864	0	-0.0618136	-0.849716	0	0.0618136	0.849716	0	0.755894	0.488864	0	-1085.42
1.04	-0.688334	-0.475379	0	-0.0408159	-0.913575	0	0.0408159	0.913575	0	0.688334	0.475379	0	-1086.09
1.05	-0.61352	-0.463286	0	-0.0243645	-0.971212	0	0.0243645	0.971212	0	0.61352	0.463286	0	-1092.54
1.06	-0.531782	-0.452976	0	-0.0121725	-1.02208	0	0.0121725	1.02208	0	0.531782	0.452976	0	-1104.83
1.07	-0.443475	-0.444755	0	-0.00389191	-1.06559	0	0.00389191	1.06559	0	0.443475	0.444755	0	-1122.95
1.08	-0.349019	-0.438785	0	0.000911243	-1.10114	0	-0.000911243	1.10114	0	0.349019	0.438785	0	-1146.32
1.09	-0.249002	-0.435007	0	0.00278941	-1.12811	0	-0.00278941	1.12811	0	0.249002	0.435007	0	-1172.83
1.1	-0.144361	-0.433064	0	0.00244637	-1.14593	0	-0.00244637	1.14593	0	0.144361	0.433064	0	-1197.36
1.11	-0.0366428	-0.432372	0	0.000750822	-1.15416	0	-0.000750822	1.15416	0	0.0366428	0.432372	0	-1211.55
1.12	0.0719202	-0.43249	0	-0.0012972	-1.15256	0	0.0012972	1.15256	0	-0.0719202	0.43249	0	-1208.61
1.13	0.178853	-0.433516	0	-0.00265857	-1.14117	0	0.00265857	1.14117	0	-0.178853	0.433516	0	-1190.07
1.14	0.282126	-0.435991	0	-0.00236838	-1.12031	0	0.00236838	1.12031	0	-0.282126	0.435991	0	-1164.11
1.15	0.380415	-0.440451	0	0.000389333	-1.09048	0	-0.000389333	1.09048	0	-0.380415	0.440451	0	-1138.23
1.16	0.472925	-0.447153	0	0.00626629	-1.05228	0	-0.00626629	1.05228	0	-0.472925	0.447153	0	-1116.44
1.17	0.559138	-0.456074	0	0.0157726	-1.0063	0	-0.0157726	1.0063	0	-0.559138	0.456074	0	-1100.2
1.18	0.638662	-0.466997	0	0.0293112	-0.953172	0	-0.0293112	0.953172	0	-0.638662	0.466997	0	-1089.82
1.19	0.711154	-0.479585	0	0.047208	-0.893449	0	-0.047208	0.893449	0	-0.711154	0.479585	0	-1085.25
1.2	0.776284	-0.493425	0	0.0697335	-0.827676	0	-0.0697335	0.827676	0	-0.776284	0.493425	0	-1086.45
1.21	0.833723	-0.508047	0	0.0971107	-0.756361	0	-0.0971107	0.756361	0	-0.833723	0.508047	0	-1093.41
1.22	0.883137	-0.522922	0	0.129506	-0.679984	0	-0.129506	0.679984	0	-0.883137	0.522922	0	-1106.23
1.23	0.924197	-0.53745	0	0.166997	-0.599002	0	-0.166997	0.599002	0	-0.924197	0.53745	0	-1124.86
1.24	0.956596	-0.550941	0	0.209494	-0.513862	0	-0.209494	0.513862	0	-0.956596	0.550941	0	-1148.63
1.25	0.980087	-0.562602	0	0.256622	-0.425049	0	-0.256622	0.425049	0	-0.980087	0.562602	0	-1175.23
1.26	0.994541	-0.571528	0	0.307554	-0.333221	0	-0.307554	0.333221	0	-0.994541	0.571528	0	-1199.19
1.27	1.00002	-0.576736	0	0.360977	-0.239479	0	-0.360977	0.239479	0	-1.00002	0.576736	0	-1212.04
1.28	0.996854	-0.57725	0	0.415397	-0.145595	0	-0.415397	0.145595	0	-0.996854	0.57725	0	-1207.49
1.29	0.985617	-0.572206	0	0.469716	-0.0537762	0	-0.469716	0.0537762	0	-0.985617	0.572206	0	-1187.92
1.3	0.967079	-0.560948	0	0.523434	0.033994	0	-0.523434	-0.033994	0	-0.967079	0.560948	0	-1161.7
1.31	0.942081	-0.543036	0	0.576366	0.116361	0	-0.576366	-0.116361	0	-0.942081	0.543036	0	-1136.08
1.32	0.911461	-0.518216	0	0.628329	0.192551	0	-0.628329	-0.192551	0	-0.911461	0.518216	0	-1114.75
1.33	0.875999	-0.486364	0	0.679035	0.26215	0	-0.679035	-0.26215	0	-0.875999	0.486364	0	-1099.03
1.34	0.836412	-0.447437	0	0.728091	0.324941	0	-0.728091	-0.324941	0	-0.836412	0.447437	0	-1089.17
1.35	0.793354	-0.401444	0	0.775028	0.3808	0	-0.775028	-0.3808	0	-0.793354	0.401444	0	-1085.12
1.36	0.747423	-0.34842	0	0.81932	0.429653	0	-0.81932	-0.429653	0	-0.747423	0.34842	0	-1086.83
1.37	0.699165	-0.288432	0	0.860389	0.471451	0	-0.860389	-0.471451	0	-0.699165	0.288432	0	-1094.32
1.38	0.649074	-0.221577	0	0.897606	0.506173	0	-0.897606	-0.506173	0	-0.649074	0.221577	0	-1107.66
1.39	0.597577	-0.148027	0	0.93028	0.533837	0	-0.93028	-0.533837	0	-0.597577	0.148027	0	-1126.79
1.4	0.545009	-0.0681	0	0.957656	0.554531	0	-0.957656	-0.554531	0	-0.545009	0.0681	0	-1150.95
1.41	0.49159	0.0176024	0	0.978917	0.568449	0	-0.978917	-0.568449	0	-0.49159	-0.0176024	0	-1177.59
1.42	0.437478	0.107983	0	0.993215	0.575948	0	-0.993215	-0.575948	0	-0.437478	-0.107983	0	-1200.93
1.43	0.383	0.201296	0	0.999739	0.577596	0	-0.999739	-0.577596	0	-0.383	-0.201296	0	-1212.37
1.44	0.328999	0.295343	0	0.997821	0.574179	0	-0.997821	-0.574179	0	-0.328999	-0.295343	0	-1206.24
1.45	0.276873	0.388114	0	0.987029	0.566642	0	-0.987029	-0.566642	0	-0.276873	-0.388114	0	-1185.7
1.46	0.228069	0.478244	0	0.967199	0.555977	0	-0.967199	-0.555977	0	-0.228069	-0.478244	0	-1159.29
1.47	0.183621	0.564936	0	0.938391	0.543126	0	-0.938391	-0.543126	0	-0.183621	-0.564936	0	-1133.95
1.48	0.144072	0.647657	0	0.900812	0.528929	0	-0.900812	-0.528929	0	-0.144072	-0.647657	0	-1113.09
1.49	0.109607	0.725954	0	0.85475	0.514117	0	-0.85475	-0.514117	0	-0.109607	-0.725954	0	-1097.9
1.5	0.0802056	0.799377	0	0.800528	0.499324	0	-0.800528	-0.499324	0	-0.0802056	-0.799377	0	-1088.56
1.51	0.0557316	0.867457	0	0.738481	0.485105	0	-0.738481	-0.485105	0	-0.0557316	-0.867457	0	-1085.03
1.52	0.0359825	0.929696	0	0.668939	0.471953	0	-0.668939	-0.471953	0	-0.0359825	-0.929696	0	-1087.26
1.53	0.0207075	0.98557	0	0.59223	0.460306	0	-0.59223	-0.460306	0	-0.0207075	-0.98557	0	-1095.27
1.54	0.00960499	1.03452	0	0.50869	0.450535	0	-0.50869	-0.450535	0	-0.00960499	-1.03452	0	-1109.14
1.55	0.00230672	1.07595	0	0.418685	0.442913	0	-0.418685	-0.442913	0	-0.00230672	-1.07595	0	-1128.76
1.56	-0.00164968	1.10925	0	0.322666	0.437552	0	-0.322666	-0.437552	0	0.00164968	-1.10925	0	-1153.28
1.57	-0.0028545	1.13382	0	0.221294	0.434318	0	-0.221294	-0.434318	0	0.0028545	-1.13382	0	-1179.92
1.58	-0.00205592	1.1491	0	0.115643	0.432774	0	-0.115643	-0.432774	0	0.00205592	-1.1491	0	-1202.56
1.59	-0.000163818	1.1547	0	0.00745556	0.432328	0	-0.00745556	-0.432328	0	0.000163818	-1.1547	0	-1212.56
1.6	0.00180024	1.15045	0	-0.100905	0.432658	0	0.100905	-0.432658	0	-0.00180024	-1.15045	0	-1204.88
1.61	0.00280663	1.13647	0	-0.207024	0.434014	0	0.207024	-0.434014	0	-0.00280663	-1.13647	0	-1183.45
1.62	0.00192572	1.11315	0	-0.30906	0.436982	0	0.30906	-0.436982	0	-0.00192572	-1.11315	0	-1156.92
1.63	-0.00161367	1.08101	0	-0.40586	0.442034	0	0.40586	-0.442034	0	0.00161367	-1.08101	0	-1131.88
1.64	-0.00842208	1.04066	0	-0.496721	0.449346	0	0.496721	-0.449346	0	0.00842208	-1.04066	0	-1111.51
1.65	-0.0189774	0.992705	0	-0.581171	0.458834	0	0.581171	-0.458834	0	0.0189774	-0.992705	0	-1096.83
1.66	-0.0336591	0.937747	0	-0.658838	0.470243	0	0.658838	-0.470243	0	0.0336591	-0.937747	0	-1088.02
1.67	-0.0527768	0.876347	0	-0.729383	0.483212	0	0.729383	-0.483212	0	0.0527768	-0.876347	0	-1085.01
1.68	-0.0765878	0.809037	0	-0.792479	0.497312	0	0.792479	-0.497312	0	0.0765878	-0.809037	0	-1087.75
1.69	-0.105302	0.736316	0	-0.847794	0.512057	0	0.847794	-0.512057	0	0.105302	-0.736316	0	-1096.28
1.7	-0.139066	0.658658	0	-0.894995	0.526902	0	0.894995	-0.526902	0	0.139066	-0.658658	0	-1110.68
1.71	-0.177921	0.576515	0	-0.933756	0.541224	0	0.933756	-0.541224	0	0.177921	-0.576515	0	-1130.79
1.72	-0.221718	0.490337	0	-0.963781	0.554307	0	0.963781	-0.554307	0	0.221718	-0.490337	0	-1155.66
1.73	-0.269972	0.400638	0	-0.984849	0.565326	0	0.984849	-0.565326	0	0.269972	-0.400638	0	-1182.24
1.74	-0.321722	0.308163	0	-0.996876	0.573351	0	0.996876	-0.573351	0	0.321722	-0.308163	0	-1204.11
1.75	-0.375555	0.214182	0	-0.99999	0.577391	0	0.99999	-0.577391	0	0.375555	-0.214182	0	-1212.6
1.76	-0.430031	0.120634	0	-0.994587	0.576488	0	0.994587	-0.576488	0	0.430031	-0.120634	0	-1203.4
1.77	-0.484219	0.0297323	0	-0.981307	0.56983	0	0.981307	-0.56983	0	0.484219	-0.0297323	0	-1181.16
1.78	-0.537742	-0.0566905	0	-0.96095	0.556817	0	0.96095	-0.556817	0	0.537742	0.0566905	0	-1154.54
1.79	-0.590437	-0.137454	0	-0.934361	0.537067	0	0.934361	-0.537067	0	0.590437	0.137454	0	-1129.84
1.8	-0.642097	-0.211901	0	-0.902366	0.510365	0	0.902366	-0.510365	0	0.642097	0.211901	0	-1109.95
1.81	-0.692404	-0.279686	0	-0.865729	0.476613	0	0.865729	-0.476613	0	0.692404	0.279686	0	-1095.8
1.82	-0.74094	-0.340623	0	-0.825148	0.435784	0	0.825148	-0.435784	0	0.74094	0.340623	0	-1087.52
1.83	-0.787222	-0.394605	0	-0.781262	0.387895	0	0.781262	-0.387895	0	0.787222	0.394605	0	-1085.02
1.84	-0.830707	-0.441565	0	-0.734655	0.332992	0	0.734655	-0.332992	0	0.830707	0.441565	0	-1088.27
1.85	-0.870806	-0.481461	0	-0.685859	0.271145	0	0.685859	-0.271145	0	0.870806	0.481461	0	-1097.33
1.86	-0.906873	-0.514281	0	-0.635353	0.202469	0	0.635353	-0.202469	0	0.906873	0.514281	0	-1112.25
1.87	-0.938201	-0.540059	0	-0.583541	0.127164	0	0.583541	-0.127164	0	0.938201	0.540059	0	-1132.85
1.88	-0.964017	-0.558906	0	-0.530729	0.0456082	0	0.530729	-0.0456082	0	0.964017	0.558906	0	-1158.04
1.89	-0.98349	-0.571056	0	-0.477109	-0.0414862	0	0.477109	0.0414862	0	0.98349	0.571056	0	-1184.52
1.9	-0.995775	-0.576917	0	-0.422853	-0.132855	0	0.422853	0.132855	0	0.995775	0.576917	0	-1205.53
1.91	-1.00009	-0.577118	0	-0.368394	-0.226587	0	0.368394	0.226587	0	1.00009	0.577118	0	-1212.49
1.92	-0.995816	-0.572497	0	-0.314749	-0.320467	0	0.314749	0.320467	0	0.995816	0.572497	0	-1201.8
1.93	-0.982601	-0.564022	0	-0.263387	-0.412634	0	0.263387	0.412634	0	0.982601	0.564022	0	-1178.83
1.94	-0.960344	-0.552681	0	-0.215676	-0.501904	0	0.215676	0.501904	0	0.960344	0.552681	0	-1152.18
1.95	-0.929154	-0.539391	0	-0.172512	-0.587576	0	0.172512	0.587576	0	0.929154	0.539391	0	-1127.83
1.96	-0.889264	-0.524962	0	-0.134323	-0.669153	0	0.134323	0.669153	0	0.889264	0.524962	0	-1108.44
1.97	-0.840976	-0.510098	0	-0.101229	-0.746186	0	0.101229	0.746186	0	0.840976	0.510098	0	-1094.81
1.98	-0.784618	-0.495408	0	-0.0731705	-0.818221	0	0.0731705	0.818221	0	0.784618	0.495408	0	-1087.05
1.99	-0.720524	-0.481431	0	-0.04999	-0.884781	0	0.04999	0.884781	0	0.720524	0.481431	0	-1085.07
2	-0.649024	-0.468645	0	-0.0314715	-0.945363	0	0.0314715	0.945363	0	0.649024	0.468645	0	-1088.84
2.01	-0.570445	-0.457471	0	-0.0173513	-0.999432	0	0.0173513	0.999432	0	0.570445	0.457471	0	-1098.42
2.02	-0.485129	-0.448258	0	-0.00731204	-1.04642	0	0.00731204	1.04642	0	0.485129	0.448258	0	-1113.86
2.03	-0.393458	-0.441243	0	-0.000963082	-1.08573	0	0.000963082	1.08573	0	0.393458	0.441243	0	-1134.94
2.04	-0.295923	-0.436482	0	0.00218883	-1.11674	0	-0.00218883	1.11674	0	0.295923	0.436482	0	-1160.42
2.05	-0.193271	-0.433759	0	0.00277408	-1.13886	0	-0.00277408	1.13886	0	0.193271	0.433759	0	-1186.74
2.06	-0.0867366	-0.432569	0	0.00158576	-1.15157	0	-0.00158576	1.15157	0	0.0867366	0.432569	0	-1206.84
2.07	0.0217454	-0.432343	0	-0.000428707	-1.15452	0	0.000428707	1.15452	0	-0.0217454	0.432343	0	-1212.23
2.08	0.129724	-0.432904	0	-0.00223399	-1.14764	0	0.00223399	1.14764	0	-0.129724	0.432904	0	-1200.12
2.09	0.234896	-0.434637	0	-0.00281811	-1.13111	0	0.00281811	1.13111	0	-0.234896	0.434637	0	-1176.48
2.1	0.335614	-0.438132	0	-0.00129097	-1.10536	0	0.00129097	1.10536	0	-0.335614	0.438132	0	-1149.85
2.11	0.430873	-0.443789	0	0.00307386	-1.07095	0	-0.00307386	1.07095	0	-0.430873	0.443789	0	-1125.88
2.12	0.520052	-0.451705	0	0.0108479	-1.0285	0	-0.0108479	1.0285	0	-0.520052	0.451705	0	-1106.98
2.13	0.602714	-0.461742	0	0.0224794	-0.978604	0	-0.0224794	0.978604	0	-0.602714	0.461742	0	-1093.89
2.14	0.678498	-0.47361	0	0.0383264	-0.921861	0	-0.0383264	0.921861	0	-0.678498	0.47361	0	-1086.64
2.15	0.747073	-0.486929	0	0.0586834	-0.858823	0	-0.0586834	0.858823	0	-0.747073	0.486929	0	-1085.18
2.16	0.80811	-0.501254	0	0.0837952	-0.790011	0	-0.0837952	0.790011	0	-0.80811	0.501254	0	-1089.47
2.17	0.861277	-0.516084	0	0.113857	-0.715919	0	-0.113857	0.715919	0	-0.861277	0.516084	0	-1099.57
2.18	0.906241	-0.530854	0	0.148993	-0.637013	0	-0.148993	0.637013	0	-0.906241	0.530854	0	-1115.54
2.19	0.942681	-0.544919	0	0.189204	-0.553742	0	-0.189204	0.553742	0	-0.942681	0.544919	0	-1137.08
2.2	0.970316	-0.557534	0	0.234266	-0.466564	0	-0.234266	0.466564	0	-0.970316	0.557534	0	-1162.83
2.21	0.988955	-0.567844	0	0.283578	-0.37603	0	-0.283578	0.37603	0	-0.988955	0.567844	0	-1188.94
2.22	0.998563	-0.574896	0	0.33604	-0.282999	0	-0.33604	0.282999	0	-0.998563	0.574896	0	-1208.03
2.23	0.999339	-0.577699	0	0.390176	-0.188922	0	-0.390176	0.188922	0	-0.999339	0.577699	0	-1211.83
2.24	0.991747	-0.575321	0	0.444642	-0.0958748	0	-0.444642	0.0958748	0	-0.991747	0.575321	0	-1198.35
2.25	0.976484	-0.567004	0	0.498675	-0.00602488	0	-0.498675	0.00602488	0	-0.976484	0.567004	0	-1174.11
2.26	0.954369	-0.55221	0	0.551992	0.078966	0	-0.551992	-0.078966	0	-0.954369	0.55221	0	-1147.55
2.27	0.926249	-0.530606	0	0.604436	0.158079	0	-0.604436	-0.158079	0	-0.926249	0.530606	0	-1123.96
2.28	0.892935	-0.502015	0	0.655771	0.23076	0	-0.655771	-0.23076	0	-0.892935	0.502015	0	-1105.57
2.29	0.855172	-0.46636	0	0.705648	0.296717	0	-0.705648	-0.296717	0	-0.855172	0.46636	0	-1093
2.3	0.813644	-0.42363	0	0.75363	0.355792	0	-0.75363	-0.355792	0	-0.813644	0.42363	0	-1086.28
2.31	0.768973	-0.37385	0	0.799217	0.407891	0	-0.799217	-0.407891	0	-0.768973	0.37385	0	-1085.33
2.32	0.721728	-0.317071	0	0.841854	0.452955	0	-0.841854	-0.452955	0	-0.721728	0.317071	0	-1090.13
2.33	0.67243	-0.253374	0	0.880937	0.490948	0	-0.880937	-0.490948	0	-0.67243	0.253374	0	-1100.76
2.34	0.621539	-0.18289	0	0.915803	0.521869	0	-0.915803	-0.521869	0	-0.621539	0.18289	0	-1117.25
2.35	0.569435	-0.105857	0	0.94573	0.545769	0	-0.94573	-0.545769	0	-0.569435	0.105857	0	-1139.26
2.36	0.516393	-0.0227219	0	0.969925	0.562786	0	-0.969925	-0.562786	0	-0.516393	0.0227219	0	-1165.24
2.37	0.462584	0.0656744	0	0.987549	0.573196	0	-0.987549	-0.573196	0	-0.462584	-0.0656744	0	-1191.07
2.38	0.408213	0.157891	0	0.997764	0.577464	0	-0.997764	-0.577464	0	-0.408213	-0.157891	0	-1209.09
2.39	0.353849	0.251879	0	0.99982	0.57628	0	-0.99982	-0.57628	0	-0.353849	-0.251879	0	-1211.27
2.4	0.300669	0.345455	0	0.993168	0.570525	0	-0.993168	-0.570525	0	-0.300669	-0.345455	0	-1196.47
2.41	0.250173	0.436936	0	0.977523	0.561185	0	-0.977523	-0.561185	0	-0.250173	-0.436936	0	-1171.71
2.42	0.20362	0.525297	0	0.952848	0.549235	0	-0.952848	-0.549235	0	-0.20362	-0.525297	0	-1145.25
2.43	0.161769	0.609915	0	0.919292	0.535565	0	-0.919292	-0.535565	0	-0.161769	-0.609915	0	-1122.08
2.44	0.12495	0.690315	0	0.877114	0.520956	0	-0.877114	-0.520956	0	-0.12495	-0.690315	0	-1104.2
2.45	0.093222	0.766052	0	0.826624	0.506083	0	-0.826624	-0.506083	0	-0.093222	-0.766052	0	-1092.15
2.46	0.0664946	0.836664	0	0.768154	0.491536	0	-0.768154	-0.491536	0	-0.0664946	-0.836664	0	-1085.95
2.47	0.044592	0.901669	0	0.702036	0.477837	0	-0.702036	-0.477837	0	-0.044592	-0.901669	0	-1085.51
2.48	0.0272851	0.960555	0	0.628601	0.465447	0	-0.628601	-0.465447	0	-0.0272851	-0.960555	0	-1090.84
2.49	0.0142968	1.01278	0	0.548177	0.454772	0	-0.548177	-0.454772	0	-0.0142968	-1.01278	0	-1101.99
2.5	0.00529249	1.05776	0	0.461112	0.446134	0	-0.461112	-0.446134	0	-0.00529249	-1.05776	0	-1119
2.51	-0.000142807	1.0949	0	0.367809	0.439732	0	-0.367809	-0.439732	0	0.000142807	-1.0949	0	-1141.45
2.52	-0.00253588	1.12358	0	0.26881	0.435556	0	-0.26881	-0.435556	0	0.00253588	-1.12358	0	-1167.64
2.53	-0.0025592	1.14322	0	0.164966	0.433307	0	-0.164966	-0.433307	0	0.0025592	-1.14322	0	-1193.13
2.54	-0.00105031	1.15333	0	0.0576886	0.432427	0	-0.0576886	-0.432427	0	0.00105031	-1.15333	0	-1210.01
2.55	0.00101064	1.15364	0	-0.0509068	0.432408	0	0.0509068	-0.432408	0	-0.00101064	-1.15364	0	-1210.58
2.56	0.002583	1.14413	0	-0.158335	0.433231	0	0.158335	-0.433231	0	-0.002583	-1.14413	0	-1194.53
2.57	0.00267989	1.12507	0	-0.262441	0.435385	0	0.262441	-0.435385	0	-0.00267989	-1.12507	0	-1169.31
2.58	0.000453632	1.09694	0	-0.36177	0.439437	0	0.36177	-0.439437	0	-0.000453632	-1.09694	0	-1143
2.59	-0.00477821	1.06031	0	-0.455446	0.445705	0	0.455446	-0.445705	0	0.00477821	-1.06031	0	-1120.25
2.6	-0.0135505	1.01579	0	-0.542911	0.454214	0	0.542911	-0.454214	0	0.0135505	-1.01579	0	-1102.89
2.61	-0.0262843	0.964004	0	-0.623758	0.464778	0	0.623758	-0.464778	0	0.0262843	-0.964004	0	-1091.37
2.62	-0.0433183	0.905517	0	-0.697637	0.477078	0	0.697637	-0.477078	0	0.0433183	-0.905517	0	-1085.68
2.63	-0.0649327	0.840878	0	-0.764219	0.490715	0	0.764219	-0.490715	0	0.0649327	-0.840878	0	-1085.76
2.64	-0.0913597	0.770601	0	-0.823173	0.505229	0	0.823173	-0.505229	0	0.0913597	-0.770601	0	-1091.6
2.65	-0.122779	0.695171	0	-0.874168	0.520102	0	0.874168	-0.520102	0	0.122779	-0.695171	0	-1103.28
2.66	-0.159287	0.615049	0	-0.916871	0.53475	0	0.916871	-0.53475	0	0.159287	-0.615049	0	-1120.81
2.67	-0.200839	0.530683	0	-0.95097	0.548503	0	0.95097	-0.548503	0	0.200839	-0.530683	0	-1143.69
2.68	-0.247123	0.442542	0	-0.976201	0.560588	0	0.976201	-0.560588	0	0.247123	-0.442542	0	-1170.05
2.69	-0.297414	0.351234	0	-0.992408	0.570119	0	0.992408	-0.570119	0	0.297414	-0.351234	0	-1195.13
2.7	-0.350479	0.25775	0	-0.999612	0.576127	0	0.999612	-0.576127	0	0.350479	-0.25775	0	-1210.81
2.71	-0.404817	0.16373	0	-0.998082	0.577623	0	0.998082	-0.577623	0	0.404817	-0.16373	0	-1209.75
2.72	-0.459218	0.0713435	0	-0.988354	0.573714	0	0.988354	-0.573714	0	0.459218	-0.0713435	0	-1192.51
2.73	-0.513077	-0.0173348	0	-0.971166	0.5637	0	0.971166	-0.5637	0	0.513077	0.0173348	0	-1166.91
2.74	-0.566179	-0.100822	0	-0.947356	0.547101	0	0.947356	-0.547101	0	0.566179	0.100822	0	-1140.78
2.75	-0.618354	-0.178246	0	-0.917763	0.523631	0	0.917763	-0.523631	0	0.618354	0.178246	0	-1118.47
2.76	-0.669337	-0.24914	0	-0.883184	0.493145	0	0.883184	-0.493145	0	0.669337	0.24914	0	-1101.62
2.77	-0.718752	-0.313259	0	-0.844346	0.455587	0	0.844346	-0.455587	0	0.718752	0.313259	0	-1090.63
2.78	-0.766144	-0.370466	0	-0.801915	0.410958	0	0.801915	-0.410958	0	0.766144	0.370466	0	-1085.46
2.79	-0.810995	-0.420679	0	-0.756499	0.35929	0	0.756499	-0.35929	0	0.810995	0.420679	0	-1086.06
2.8	-0.852739	-0.463844	0	-0.708655	0.300642	0	0.708655	-0.300642	0	0.852739	0.463844	0	-1092.42
2.81	-0.890758	-0.499934	0	-0.658888	0.235104	0	0.658888	-0.235104	0	0.890758	0.499934	0	-1104.62
2.82	-0.924371	-0.52896	0	-0.607638	0.162829	0	0.607638	-0.162829	0	0.924371	0.52896	0	-1122.66
2.83	-0.952838	-0.550991	0	-0.555262	0.0840982	0	0.555262	-0.0840982	0	0.952838	0.550991	0	-1145.96
2.84	-0.975351	-0.566198	0	-0.502001	-0.000556118	0	0.502001	0.000556118	0	0.975351	0.566198	0	-1172.45
2.85	-0.991065	-0.574902	0	-0.448014	-0.0901503	0	0.448014	0.0901503	0	0.991065	0.574902	0	-1197.06
2.86	-0.999155	-0.577629	0	-0.393567	-0.183064	0	0.393567	0.183064	0	0.999155	0.577629	0	-1211.46
2.87	-0.998915	-0.575123	0	-0.339384	-0.277145	0	0.339384	0.277145	0	0.998915	0.575123	0	-1208.78
2.88	-0.989863	-0.568306	0	-0.286781	-0.370295	0	0.286781	0.370295	0	0.989863	0.568306	0	-1190.41
2.89	-0.971784	-0.558172	0	-0.237243	-0.461017	0	0.237243	0.461017	0	0.971784	0.558172	0	-1164.49
2.9	-0.944702	-0.545677	0	-0.191901	-0.548424	0	0.191901	0.548424	0	0.944702	0.545677	0	-1138.58
2.91	-0.908801	-0.531683	0	-0.151386	-0.631954	0	0.151386	0.631954	0	0.908801	0.531683	0	-1116.71
2.92	-0.864356	-0.516942	0	-0.115939	-0.711146	0	0.115939	0.711146	0	0.864356	0.516942	0	-1100.38
2.93	-0.811688	-0.502103	0	-0.0855699	-0.785552	0	0.0855699	0.785552	0	0.811688	0.502103	0	-1089.92
2.94	-0.75113	-0.487736	0	-0.0601606	-0.854707	0	0.0601606	0.854707	0	0.75113	0.487736	0	-1085.27
2.95	-0.683013	-0.474347	0	-0.0395191	-0.91812	0	0.0395191	0.91812	0	0.683013	0.474347	0	-1086.38
2.96	-0.607667	-0.462383	0	-0.0234035	-0.97527	0	0.0234035	0.97527	0	0.607667	0.462383	0	-1093.26
2.97	-0.525422	-0.452229	0	-0.0115229	-1.02561	0	0.0115229	1.02561	0	0.525422	0.452229	0	-1105.99
2.98	-0.436637	-0.444182	0	-0.0035237	-1.06854	0	0.0035237	1.06854	0	0.436637	0.444182	0	-1124.53
2.99	-0.341741	-0.438392	0	0.00103583	-1.10347	0	-0.00103583	1.10347	0	0.341741	0.438392	0	-1148.24
3	-0.241338	-0.434778	0	0.0027185	-1.12977	0	-0.0027185	1.12977	0	0.241338	0.434778	0	-1174.83
3.01	-0.136403	-0.43296	0	0.00224044	-1.14689	0	-0.00224044	1.14689	0	0.136403	0.43296	0	-1198.89
3.02	-0.0285373	-0.43235	0	0.000482167	-1.15438	0	-0.000482167	1.15438	0	0.0285373	0.43235	0	-1211.96
3.03	0.0799871	-0.432536	0	-0.00154955	-1.15204	0	0.00154955	1.15204	0	-0.0799871	0.432536	0	-1207.67
3.04	0.186706	-0.433659	0	-0.00281739	-1.13993	0	0.00281739	1.13993	0	-0.186706	0.433659	0	-1188.27
3.05	0.289643	-0.436276	0	-0.0023659	-1.11838	0	0.0023659	1.11838	0	-0.289643	0.436276	0	-1162.09
3.06	0.387521	-0.440908	0	0.000608388	-1.0879	0	-0.000608388	1.0879	0	-0.387521	0.440908	0	-1136.42
3.07	0.479573	-0.447789	0	0.0067454	-1.04909	0	-0.0067454	1.04909	0	-0.479573	0.447789	0	-1115.02
3.08	0.565296	-0.456877	0	0.0165459	-1.00257	0	-0.0165459	1.00257	0	-0.565296	0.456877	0	-1099.21
3.09	0.644303	-0.467945	0	0.030406	-0.948923	0	-0.030406	0.948923	0	-0.644303	0.467945	0	-1089.27
3.1	0.716253	-0.480648	0	0.0486469	-0.888731	0	-0.0486469	0.888731	0	-0.716253	0.480648	0	-1085.14
3.11	0.780816	-0.494569	0	0.0715352	-0.822529	0	-0.0715352	0.822529	0	-0.780816	0.494569	0	-1086.76
3.12	0.837664	-0.509234	0	0.0992903	-0.750821	0	-0.0992903	0.750821	0	-0.837664	0.509234	0	-1094.16
3.13	0.886462	-0.524109	0	0.132074	-0.674087	0	-0.132074	0.674087	0	-0.886462	0.524109	0	-1107.42
3.14	0.926882	-0.538587	0	0.169952	-0.592782	0	-0.169952	0.592782	0	-0.926882	0.538587	0	-1126.47
3.15	0.95862	-0.551973	0	0.212822	-0.507353	0	-0.212822	0.507353	0	-0.95862	0.551973	0	-1150.56
3.16	0.981435	-0.563463	0	0.260278	-0.418293	0	-0.260278	0.418293	0	-0.981435	0.563463	0	-1177.2
3.17	0.995211	-0.572146	0	0.311456	-0.326281	0	-0.311456	0.326281	0	-0.995211	0.572146	0	-1200.65
3.18	1.00003	-0.577037	0	0.365012	-0.232464	0	-0.365012	0.232464	0	-1.00003	0.577037	0	-1212.33
3.19	0.996235	-0.577161	0	0.419463	-0.138662	0	-0.419463	0.138662	0	-0.996235	0.577161	0	-1206.45
3.2	0.984423	-0.571672	0	0.473757	-0.0470892	0	-0.473757	0.0470892	0	-0.984423	0.571672	0	-1186.07
3.21	0.965372	-0.559926	0	0.527429	0.04031	0	-0.527429	-0.04031	0	-0.965372	0.559926	0	-1159.7
3.22	0.939927	-0.541501	0	0.580303	0.122231	0	-0.580303	-0.122231	0	-0.939927	0.541501	0	-1134.31
3.23	0.90892	-0.516155	0	0.632191	0.197933	0	-0.632191	-0.197933	0	-0.90892	0.516155	0	-1113.37
3.24	0.873128	-0.483771	0	0.682796	0.267024	0	-0.682796	-0.267024	0	-0.873128	0.483771	0	-1098.09
3.25	0.833262	-0.44431	0	0.731716	0.329294	0	-0.731716	-0.329294	0	-0.833262	0.44431	0	-1088.67
3.26	0.789973	-0.397784	0	0.778479	0.384627	0	-0.778479	-0.384627	0	-0.789973	0.397784	0	-1085.06
3.27	0.743853	-0.344233	0	0.822555	0.432949	0	-0.822555	-0.432949	0	-0.743853	0.344233	0	-1087.2
3.28	0.695446	-0.283721	0	0.863362	0.474213	0	-0.863362	-0.474213	0	-0.695446	0.283721	0	-1095.12
3.29	0.645242	-0.216353	0	0.900267	0.508401	0	-0.900267	-0.508401	0	-0.645242	0.216353	0	-1108.91
3.3	0.593661	-0.142307	0	0.932575	0.535536	0	-0.932575	-0.535536	0	-0.593661	0.142307	0	-1128.45
3.31	0.54103	-0.0619157	0	0.959524	0.55571	0	-0.959524	-0.55571	0	-0.54103	0.0619157	0	-1152.91
3.32	0.487561	0.0241882	0	0.980294	0.56913	0	-0.980294	-0.56913	0	-0.487561	-0.0241882	0	-1179.55
3.33	0.433415	0.114863	0	0.994037	0.576167	0	-0.994037	-0.576167	0	-0.433415	-0.114863	0	-1202.31
3.34	0.378944	0.208314	0	0.99995	0.577405	0	-0.99995	-0.577405	0	-0.378944	-0.208314	0	-1212.54
3.35	0.32504	0.302335	0	0.997378	0.573645	0	-0.997378	-0.573645	0	-0.32504	-0.302335	0	-1205.1
3.36	0.273125	0.394951	0	0.985911	0.565839	0	-0.985911	-0.565839	0	-0.273125	-0.394951	0	-1183.82
3.37	0.224627	0.484852	0	0.965402	0.55498	0	-0.965402	-0.55498	0	-0.224627	-0.484852	0	-1157.3
3.38	0.180543	0.571267	0	0.935926	0.542003	0	-0.935926	-0.542003	0	-0.180543	-0.571267	0	-1132.21
3.39	0.14138	0.653676	0	0.897699	0.52774	0	-0.897699	-0.52774	0	-0.14138	-0.653676	0	-1111.76
3.4	0.107305	0.731627	0	0.851012	0.512913	0	-0.851012	-0.512913	0	-0.107305	-0.731627	0	-1096.99
3.41	0.078287	0.80467	0	0.79619	0.498149	0	-0.79619	-0.498149	0	-0.078287	-0.80467	0	-1088.1
3.42	0.0541822	0.872332	0	0.733568	0.484	0	-0.733568	-0.484	0	-0.0541822	-0.872332	0	-1085
3.43	0.0347845	0.934114	0	0.663475	0.470954	0	-0.663475	-0.470954	0	-0.0347845	-0.934114	0	-1087.66
3.44	0.0198396	0.98949	0	0.586241	0.459444	0	-0.586241	-0.459444	0	-0.0198396	-0.98949	0	-1096.1
3.45	0.00904138	1.0379	0	0.502202	0.449834	0	-0.502202	-0.449834	0	-0.00904138	-1.0379	0	-1110.42
3.46	0.00201556	1.07874	0	0.411727	0.442389	0	-0.411727	-0.442389	0	-0.00201556	-1.07874	0	-1130.45
3.47	-0.00170869	1.11141	0	0.31528	0.437206	0	-0.31528	-0.437206	0	0.00170869	-1.11141	0	-1155.26
3.48	-0.0027327	1.13529	0	0.213542	0.434128	0	-0.213542	-0.434128	0	0.0027327	-1.13529	0	-1181.86
3.49	-0.00181724	1.14986	0	0.107631	0.432698	0	-0.107631	-0.432698	0	0.00181724	-1.14986	0	-1203.86
3.5	0.000116874	1.15472	0	-0.000656153	0.432326	0	0.000656153	-0.432326	0	-0.000116874	-1.15472	0	-1212.6
3.51	0.00204342	1.14974	0	-0.108927	0.432728	0	0.108927	-0.432728	0	-0.00204342	-1.14974	0	-1203.64
3.52	0.00293695	1.13505	0	-0.214794	0.434194	0	0.214794	-0.434194	0	-0.00293695	-1.13505	0	-1181.53
3.53	0.00187856	1.11104	0	-0.31647	0.437315	0	0.31647	-0.437315	0	-0.00187856	-1.11104	0	-1154.92
3.54	-0.0018903	1.07827	0	-0.412843	0.442544	0	0.412843	-0.442544	0	0.0018903	-1.07827	0	-1130.16
3.55	-0.00896898	1.03732	0	-0.503237	0.450034	0	0.503237	-0.450034	0	0.00896898	-1.03732	0	-1110.2
3.56	-0.0198267	0.988826	0	-0.58719	0.459684	0	0.58719	-0.459684	0	0.0198267	-0.988826	0	-1095.96
3.57	-0.0348368	0.933368	0	-0.664333	0.471231	0	0.664333	-0.471231	0	0.0348368	-0.933368	0	-1087.59
3.58	-0.0543042	0.87151	0	-0.734329	0.484306	0	0.734329	-0.484306	0	0.0543042	-0.87151	0	-1085.01
3.59	-0.078483	0.80378	0	-0.796851	0.498478	0	0.796851	-0.498478	0	0.078483	-0.80378	0	-1088.18
3.6	-0.107579	0.730677	0	-0.851568	0.513255	0	0.851568	-0.513255	0	0.107579	-0.730677	0	-1097.15
3.61	-0.141732	0.652672	0	-0.898146	0.528088	0	0.898146	-0.528088	0	0.141732	-0.652672	0	-1111.98
3.62	-0.180974	0.570215	0	-0.936261	0.542346	0	0.936261	-0.542346	0	0.180974	-0.570215	0	-1132.51
3.63	-0.225135	0.483759	0	-0.965621	0.555306	0	0.965621	-0.555306	0	0.225135	-0.483759	0	-1157.64
3.64	-0.2737	0.393827	0	-0.986011	0.566136	0	0.986011	-0.566136	0	0.2737	-0.393827	0	-1184.15
3.65	-0.325667	0.301191	0	-0.997362	0.573898	0	0.997362	-0.573898	0	0.325667	-0.301191	0	-1205.31
3.66	-0.379603	0.207174	0	-0.999821	0.5776	0	0.999821	-0.5776	0	0.379603	-0.207174	0	-1212.52
3.67	-0.434091	0.113754	0	-0.993803	0.576291	0	0.993803	-0.576291	0	0.434091	-0.113754	0	-1202.08
3.68	-0.488246	0.0231375	0	-0.979966	0.569174	0	0.979966	-0.569174	0	0.488246	-0.0231375	0	-1179.22
3.69	-0.541721	-0.0628896	0	-0.959113	0.555665	0	0.959113	-0.555665	0	0.541721	0.0628896	0	-1152.58
3.7	-0.594354	-0.143193	0	-0.932094	0.535398	0	0.932094	-0.535398	0	0.594354	0.143193	0	-1128.17
3.71	-0.645933	-0.217146	0	-0.899728	0.508167	0	0.899728	-0.508167	0	0.645933	0.217146	0	-1108.69
3.72	-0.696129	-0.284418	0	-0.862775	0.473881	0	0.862775	-0.473881	0	0.696129	0.284418	0	-1094.98
3.73	-0.74452	-0.344833	0	-0.821929	0.432519	0	0.821929	-0.432519	0	0.74452	0.344833	0	-1087.13
3.74	-0.790616	-0.398287	0	-0.777824	0.384099	0	0.777824	-0.384099	0	0.790616	0.398287	0	-1085.07
3.75	-0.833874	-0.444715	0	-0.731039	0.328668	0	0.731039	-0.328668	0	0.833874	0.444715	0	-1088.75
3.76	-0.873698	-0.484077	0	-0.682105	0.2663	0	0.682105	-0.2663	0	0.873698	0.484077	0	-1098.25
3.77	-0.909439	-0.516365	0	-0.631495	0.197114	0	0.631495	-0.197114	0	0.909439	0.516365	0	-1113.61
3.78	-0.940385	-0.541616	0	-0.579606	0.12132	0	0.579606	-0.12132	0	0.940385	0.541616	0	-1134.61
3.79	-0.965756	-0.559948	0	-0.526735	0.0393131	0	0.526735	-0.0393131	0	0.965756	0.559948	0	-1160.04
3.8	-0.984722	-0.571608	0	-0.473068	-0.048159	0	0.473068	0.048159	0	0.984722	0.571608	0	-1186.39
3.81	-0.996436	-0.577019	0	-0.418785	-0.139784	0	0.418785	0.139784	0	0.996436	0.577019	0	-1206.64
3.82	-1.00012	-0.576827	0	-0.364353	-0.233609	0	0.364353	0.233609	0	1.00012	0.576827	0	-1212.29
3.83	-0.99519	-0.571882	0	-0.310834	-0.327423	0	0.310834	0.327423	0	0.99519	0.571882	0	-1200.41
3.84	-0.981297	-0.56316	0	-0.259712	-0.419411	0	0.259712	0.419411	0	0.981297	0.56316	0	-1176.86
3.85	-0.958364	-0.551644	0	-0.212327	-0.508437	0	0.212327	0.508437	0	0.958364	0.551644	0	-1150.23
3.86	-0.92651	-0.538245	0	-0.169534	-0.593823	0	0.169534	0.593823	0	0.92651	0.538245	0	-1126.19
3.87	-0.885978	-0.523764	0	-0.131734	-0.675079	0	0.131734	0.675079	0	0.885978	0.523764	0	-1107.22
3.88	-0.837072	-0.508897	0	-0.0990292	-0.751757	0	0.0990292	0.751757	0	0.837072	0.508897	0	-1094.03
3.89	-0.780121	-0.494249	0	-0.07135	-0.823401	0	0.07135	0.823401	0	0.780121	0.494249	0	-1086.7
3.9	-0.715458	-0.480352	0	-0.048534	-0.889534	0	0.048534	0.889534	0	0.715458	0.480352	0	-1085.15
3.91	-0.643413	-0.46768	0	-0.0303613	-0.949649	0	0.0303613	0.949649	0	0.643413	0.46768	0	-1089.36
3.92	-0.564316	-0.456649	0	-0.0165645	-1.00321	0	0.0165645	1.00321	0	0.564316	0.456649	0	-1099.37
3.93	-0.478508	-0.447603	0	-0.00682145	-1.04964	0	0.00682145	1.04964	0	0.478508	0.447603	0	-1115.26
3.94	-0.386376	-0.440767	0	-0.000734912	-1.08835	0	0.000734912	1.08835	0	0.386376	0.440767	0	-1136.73
3.95	-0.288427	-0.436181	0	0.00219758	-1.11871	0	-0.00219758	1.11871	0	0.288427	0.436181	0	-1162.43
3.96	-0.185432	-0.433603	0	0.00261805	-1.14015	0	-0.00261805	1.14015	0	0.185432	0.433603	0	-1188.58
3.97	-0.0786755	-0.432514	0	0.00133214	-1.15213	0	-0.00133214	1.15213	0	0.0786755	0.432514	0	-1207.84
3.98	0.0298565	-0.432357	0	-0.00070299	-1.15435	0	0.00070299	1.15435	0	-0.0298565	0.432357	0	-1211.9
3.99	0.137698	-0.432997	0	-0.00244968	-1.14673	0	0.00244968	1.14673	0	-0.137698	0.432997	0	-1198.63
4	0.242583	-0.434852	0	-0.00290231	-1.12949	0	0.00290231	1.12949	0	-0.242583	0.434852	0	-1174.49
4.01	0.34292	-0.438509	0	-0.00118242	-1.10307	0	0.00118242	1.10307	0	-0.34292	0.438509	0	-1147.91
4.02	0.43774	-0.444345	0	0.0034239	-1.06804	0	-0.0034239	1.06804	0	-0.43774	0.444345	0	-1124.26
4.03	0.526443	-0.452435	0	0.0114776	-1.02501	0	-0.0114776	1.02501	0	-0.526443	0.452435	0	-1105.79
4.04	0.608599	-0.462629	0	0.023419	-0.974583	0	-0.023419	0.974583	0	-0.608599	0.462629	0	-1093.13
4.05	0.683853	-0.474627	0	0.0396006	-0.917351	0	-0.0396006	0.917351	0	-0.683853	0.474627	0	-1086.33
4.06	0.751873	-0.488043	0	0.0603126	-0.853865	0	-0.0603126	0.853865	0	-0.751873	0.488043	0	-1085.29
4.07	0.812329	-0.502429	0	0.0857962	-0.784644	0	-0.0857962	0.784644	0	-0.812329	0.502429	0	-1090.01
4.08	0.864891	-0.51728	0	0.116242	-0.710179	0	-0.116242	0.710179	0	-0.864891	0.51728	0	-1100.56
4.09	0.909226	-0.532024	0	0.151768	-0.630935	0	-0.151768	0.630935	0	-0.909226	0.532024	0	-1116.96
4.1	0.945013	-0.54601	0	0.192362	-0.547359	0	-0.192362	0.547359	0	-0.945013	0.54601	0	-1138.89
4.11	0.971979	-0.558485	0	0.237777	-0.459913	0	-0.237777	0.459913	0	-0.971979	0.558485	0	-1164.84
4.12	0.989939	-0.568586	0	0.287379	-0.369162	0	-0.287379	0.369162	0	-0.989939	0.568586	0	-1190.72
4.13	0.998875	-0.575355	0	0.340028	-0.275998	0	-0.340028	0.275998	0	-0.998875	0.575355	0	-1208.92
4.14	0.999004	-0.5778	0	0.394238	-0.181926	0	-0.394238	0.181926	0	-0.999004	0.5778	0	-1211.38
4.15	0.990812	-0.575	0	0.448698	-0.089052	0	-0.448698	0.089052	0	-0.990812	0.575	0	-1196.79
4.16	0.975007	-0.566212	0	0.502692	0.000478158	0	-0.502692	-0.000478158	0	-0.975007	0.566212	0	-1172.11
4.17	0.952414	-0.550915	0	0.555958	0.0850521	0	-0.555958	-0.0850521	0	-0.952414	0.550915	0	-1145.63
4.18	0.92388	-0.528791	0	0.608335	0.163694	0	-0.608335	-0.163694	0	-0.92388	0.528791	0	-1122.39
4.19	0.89021	-0.499669	0	0.659581	0.235874	0	-0.659581	-0.235874	0	-0.89021	0.499669	0	-1104.43
4.2	0.852146	-0.463481	0	0.709338	0.301316	0	-0.709338	-0.301316	0	-0.852146	0.463481	0	-1092.3
4.21	0.810366	-0.420218	0	0.757164	0.359867	0	-0.757164	-0.359867	0	-0.810366	0.420218	0	-1086.01
4.22	0.765487	-0.369908	0	0.802555	0.411436	0	-0.802555	-0.411436	0	-0.765487	0.369908	0	-1085.49
4.23	0.718076	-0.312603	0	0.844951	0.455967	0	-0.844951	-0.455967	0	-0.718076	0.312603	0	-1090.73
4.24	0.668649	-0.248387	0	0.883745	0.493427	0	-0.883745	-0.493427	0	-0.668649	0.248387	0	-1101.8
4.25	0.617661	-0.177398	0	0.918271	0.523816	0	-0.918271	-0.523816	0	-0.617661	0.177398	0	-1118.72
4.26	0.565486	-0.0998839	0	0.947799	0.547191	0	-0.947799	-0.547191	0	-0.565486	0.0998839	0	-1141.1
4.27	0.512388	-0.0163144	0	0.971533	0.563699	0	-0.971533	-0.563699	0	-0.512388	0.0163144	0	-1167.26
4.28	0.458536	0.0724317	0	0.988632	0.573629	0	-0.988632	-0.573629	0	-0.458536	-0.0724317	0	-1192.8
4.29	0.404148	0.164863	0	0.99826	0.577461	0	-0.99826	-0.577461	0	-0.404148	-0.164863	0	-1209.88
4.3	0.349833	0.258898	0	0.99968	0.575901	0	-0.99968	-0.575901	0	-0.349833	-0.258898	0	-1210.7
4.31	0.296811	0.352373	0	0.99236	0.569843	0	-0.99236	-0.569843	0	-0.296811	-0.352373	0	-1194.85
4.32	0.246581	0.443653	0	0.976036	0.560275	0	-0.976036	-0.560275	0	-0.246581	-0.443653	0	-1169.7
4.33	0.20037	0.531757	0	0.950687	0.548169	0	-0.950687	-0.548169	0	-0.20037	-0.531757	0	-1143.37
4.34	0.158897	0.616079	0	0.916474	0.534406	0	-0.916474	-0.534406	0	-0.158897	-0.616079	0	-1120.54
4.35	0.122468	0.69615	0	0.87366	0.519758	0	-0.87366	-0.519758	0	-0.122468	-0.69615	0	-1103.1
4.36	0.0911271	0.771522	0	0.822558	0.504894	0	-0.822558	-0.504894	0	-0.0911271	-0.771522	0	-1091.49
4.37	0.0647757	0.841734	0	0.763501	0.490399	0	-0.763501	-0.490399	0	-0.0647757	-0.841734	0	-1085.72
4.38	0.0432331	0.906301	0	0.696822	0.476789	0	-0.696822	-0.476789	0	-0.0432331	-0.906301	0	-1085.72
4.39	0.0262664	0.964709	0	0.62285	0.464522	0	-0.62285	-0.464522	0	-0.0262664	-0.964709	0	-1091.47
4.4	0.013595	1.01641	0	0.541914	0.453997	0	-0.541914	-0.453997	0	-0.013595	-1.01641	0	-1103.07
4.41	0.00487882	1.06083	0	0.454365	0.445531	0	-0.454365	-0.445531	0	-0.00487882	-1.06083	0	-1120.51
4.42	-0.000304321	1.09735	0	0.360612	0.439308	0	-0.360612	-0.439308	0	0.00030432	-1.09735	0	-1143.32
4.43	-0.00249114	1.12538	0	0.261214	0.435301	0	-0.261214	-0.435301	0	0.00249114	-1.12538	0	-1169.66
4.44	-0.00236625	1.14431	0	0.157055	0.433186	0	-0.157055	-0.433186	0	0.00236625	-1.14431	0	-1194.81
4.45	-0.000779451	1.1537	0	0.0495969	0.432396	0	-0.0495969	-0.432396	0	0.000779451	-1.1537	0	-1210.68
4.46	0.00128097	1.15326	0	-0.0589972	0.432444	0	0.0589972	-0.432444	0	-0.00128097	-1.15326	0	-1209.89
4.47	0.00277443	1.14303	0	-0.166242	0.433356	0	0.166242	-0.433356	0	-0.00277443	-1.14303	0	-1192.83
4.48	0.00272226	1.12327	0	-0.270031	0.435646	0	0.270031	-0.435646	0	-0.00272226	-1.12327	0	-1167.29
4.49	0.000289091	1.09448	0	-0.368961	0.439867	0	0.368961	-0.439867	0	-0.000289091	-1.09448	0	-1141.13
4.5	-0.0051954	1.05724	0	-0.462186	0.446315	0	0.462186	-0.446315	0	0.0051954	-1.05724	0	-1118.74
4.51	-0.0142563	1.01216	0	-0.549167	0.454995	0	0.549167	-0.454995	0	0.0142563	-1.01216	0	-1101.81
4.52	-0.0273071	0.959848	0	-0.629501	0.465709	0	0.629501	-0.465709	0	0.0273071	-0.959848	0	-1090.73
4.53	-0.0446817	0.900883	0	-0.702843	0.478131	0	0.702843	-0.478131	0	0.0446817	-0.900883	0	-1085.48
4.54	-0.0666562	0.835807	0	-0.768862	0.491857	0	0.768862	-0.491857	0	0.0666562	-0.835807	0	-1085.99
4.55	-0.0934592	0.765131	0	-0.827229	0.506421	0	0.827229	-0.506421	0	0.0934592	-0.765131	0	-1092.27
4.56	-0.125265	0.689337	0	-0.877612	0.521304	0	0.877612	-0.521304	0	0.125265	-0.689337	0	-1104.39
4.57	-0.162164	0.608886	0	-0.91968	0.535913	0	0.91968	-0.535913	0	0.162164	-0.608886	0	-1122.34
4.58	-0.204094	0.524225	0	-0.95312	0.549572	0	0.95312	-0.549572	0	0.204094	-0.524225	0	-1145.58
4.59	-0.250718	0.435828	0	-0.977678	0.561499	0	0.977678	-0.561499	0	0.250718	-0.435828	0	-1172.05
4.6	-0.301274	0.344322	0	-0.993206	0.570802	0	0.993206	-0.570802	0	0.301274	-0.344322	0	-1196.74
4.61	-0.354496	0.250737	0	-0.999743	0.576506	0	0.999743	-0.576506	0	0.354496	-0.250737	0	-1211.36
4.62	-0.408883	0.156767	0	-0.997577	0.577625	0	0.997577	-0.577625	0	0.408883	-0.156767	0	-1208.95
4.63	-0.463265	0.0645972	0	-0.987263	0.57328	0	0.987263	-0.57328	0	0.463265	-0.0645972	0	-1190.77
4.64	-0.517081	-0.0237299	0	-0.969551	0.562784	0	0.969551	-0.562784	0	0.517081	0.0237299	0	-1164.9
4.65	-0.570128	-0.106782	0	-0.94528	0.545676	0	0.94528	-0.545676	0	0.570128	0.106782	0	-1138.94
4.66	-0.622232	-0.183724	0	-0.91529	0.521681	0	0.91529	-0.521681	0	0.622232	0.183724	0	-1117.01
4.67	-0.673118	-0.254113	0	-0.88037	0.490663	0	0.88037	-0.490663	0	0.673118	0.254113	0	-1100.59
4.68	-0.722405	-0.317713	0	-0.841245	0.452572	0	0.841245	-0.452572	0	0.722405	0.317713	0	-1090.04
4.69	-0.76963	-0.374394	0	-0.798574	0.40741	0	0.798574	-0.40741	0	0.76963	0.374394	0	-1085.31
4.7	-0.814273	-0.424076	0	-0.752963	0.355213	0	0.752963	-0.355213	0	0.814273	0.424076	0	-1086.33
4.71	-0.855765	-0.466708	0	-0.704963	0.29604	0	0.704963	-0.29604	0	0.855765	0.466708	0	-1093.13
4.72	-0.893481	-0.502265	0	-0.655077	0.229987	0	0.655077	-0.229987	0	0.893481	0.502265	0	-1105.78
4.73	-0.926738	-0.530761	0	-0.603739	0.157212	0	0.603739	-0.157212	0	0.926738	0.530761	0	-1124.24
4.74	-0.95479	-0.552271	0	-0.551297	0.0780094	0	0.551297	-0.0780094	0	0.95479	0.552271	0	-1147.88
4.75	-0.976825	-0.566975	0	-0.497984	-0.0070612	0	0.497984	0.0070612	0	0.976825	0.566975	0	-1174.45
4.76	-0.991997	-0.575209	0	-0.443959	-0.096974	0	0.443959	0.096974	0	0.991997	0.575209	0	-1198.61
4.77	-0.999485	-0.577514	0	-0.389508	-0.190058	0	0.389508	0.190058	0	0.999485	0.577514	0	-1211.9
4.78	-0.998598	-0.574652	0	-0.335401	-0.284144	0	0.335401	0.284144	0	0.998598	0.574652	0	-1207.87
4.79	-0.988873	-0.567553	0	-0.282986	-0.37716	0	0.282986	0.37716	0	0.988873	0.567553	0	-1188.63
4.8	-0.970116	-0.557211	0	-0.233738	-0.467664	0	0.233738	0.467664	0	0.970116	0.557211	0	-1162.48
4.81	-0.942364	-0.544577	0	-0.188751	-0.554803	0	0.188751	0.554803	0	0.942364	0.544577	0	-1136.78
4.82	-0.90581	-0.530506	0	-0.148619	-0.638028	0	0.148619	0.638028	0	0.90581	0.530506	0	-1115.3
4.83	-0.860736	-0.515739	0	-0.113562	-0.716881	0	0.113562	0.716881	0	0.860736	0.515739	0	-1099.4
4.84	-0.807463	-0.500922	0	-0.0835779	-0.790913	0	0.0835779	0.790913	0	0.807463	0.500922	0	-1089.37
4.85	-0.746325	-0.486618	0	-0.0585404	-0.859658	0	0.0585404	0.859658	0	0.746325	0.486618	0	-1085.16
4.86	-0.677653	-0.473327	0	-0.0382537	-0.922622	0	0.0382537	0.922622	0	0.677653	0.473327	0	-1086.7
4.87	-0.601776	-0.461493	0	-0.0224723	-0.979283	0	0.0224723	0.979283	0	0.601776	0.461493	0	-1094.02
4.88	-0.519027	-0.451497	0	-0.0109012	-1.02909	0	0.0109012	1.02909	0	0.519027	0.451497	0	-1107.19
4.89	-0.429766	-0.443625	0	-0.00318111	-1.07144	0	0.00318111	1.07144	0	0.429766	0.443625	0	-1126.15
4.9	-0.334431	-0.438013	0	0.00113768	-1.10574	0	-0.00113768	1.10574	0	0.334431	0.438013	0	-1150.19
4.91	-0.233647	-0.434562	0	0.00262859	-1.13138	0	-0.00262859	1.13138	0	0.233647	0.434562	0	-1176.82
4.92	-0.128428	-0.432866	0	0.00202021	-1.14779	0	-0.00202021	1.14779	0	0.128428	0.432866	0	-1200.37
4.93	-0.0204264	-0.432335	0	0.000204708	-1.15455	0	-0.000204707	1.15455	0	0.0204264	0.432335	0	-1212.28
4.94	0.0880456	-0.432589	0	-0.00180492	-1.15147	0	0.00180492	1.15147	0	-0.0880456	0.432589	0	-1206.66
4.95	0.194541	-0.433814	0	-0.00297385	-1.13863	0	0.00297385	1.13863	0	-0.194541	0.433814	0	-1186.43
4.96	0.297133	-0.436578	0	-0.00235638	-1.11639	0	0.00235638	1.11639	0	-0.297133	0.436578	0	-1160.08
4.97	0.394596	-0.441384	0	0.000838328	-1.08527	0	-0.000838327	1.08527	0	-0.394596	0.441384	0	-1134.64
4.98	0.486188	-0.448443	0	0.0072386	-1.04586	0	-0.0072386	1.04586	0	-0.486188	0.448443	0	-1113.63
4.99	0.571418	-0.457698	0	0.0173361	-0.998784	0	-0.0173361	0.998784	0	-0.571418	0.457698	0	-1098.26
5	0.649906	-0.468909	0	0.0315201	-0.944631	0	-0.0315201	0.944631	0	-0.649906	0.468909	0	-1088.75
5.01	0.721311	-0.481725	0	0.0501073	-0.883972	0	-0.0501073	0.883972	0	-0.721311	0.481725	0	-1085.06
5.02	0.785306	-0.495725	0	0.0733605	-0.817342	0	-0.0733605	0.817342	0	-0.785306	0.495725	0	-1087.11
5.03	0.84156	-0.51043	0	0.101495	-0.745245	0	-0.101495	0.745245	0	-0.84156	0.51043	0	-1094.95
5.04	0.88974	-0.525301	0	0.134668	-0.668156	0	-0.134668	0.668156	0	-0.88974	0.525301	0	-1108.65
5.05	0.929518	-0.539727	0	0.172935	-0.586531	0	-0.172935	0.586531	0	-0.929518	0.539727	0	-1128.11
5.06	0.960593	-0.553002	0	0.216176	-0.500817	0	-0.216176	0.500817	0	-0.960593	0.553002	0	-1152.52
5.07	0.982732	-0.564317	0	0.263956	-0.411512	0	-0.263956	0.411512	0	-0.982732	0.564317	0	-1179.16
5.08	0.99583	-0.572751	0	0.315372	-0.319323	0	-0.315372	0.319323	0	-0.99583	0.572751	0	-1202.04
5.09	0.999988	-0.577317	0	0.369053	-0.225441	0	-0.369053	0.225441	0	-0.999988	0.577317	0	-1212.51
5.1	0.995568	-0.577047	0	0.42353	-0.131734	0	-0.42353	0.131734	0	-0.995568	0.577047	0	-1205.33
5.11	0.983187	-0.571107	0	0.477796	-0.0404191	0	-0.477796	0.0404191	0	-0.983187	0.571107	0	-1184.19
5.12	0.963629	-0.55887	0	0.531421	0.0466017	0	-0.531421	-0.0466017	0	-0.963629	0.55887	0	-1157.69
5.13	0.93774	-0.539931	0	0.584236	0.128072	0	-0.584236	-0.128072	0	-0.93774	0.539931	0	-1132.56
5.14	0.906351	-0.514058	0	0.636046	0.203285	0	-0.636046	-0.203285	0	-0.906351	0.514058	0	-1112.02
5.15	0.870233	-0.48114	0	0.686545	0.271865	0	-0.686545	-0.271865	0	-0.870233	0.48114	0	-1097.18
5.16	0.830093	-0.441147	0	0.735327	0.333615	0	-0.735327	-0.333615	0	-0.830093	0.441147	0	-1088.2
5.17	0.786577	-0.394089	0	0.781913	0.388421	0	-0.781913	-0.388421	0	-0.786577	0.394089	0	-1085.02
5.18	0.740272	-0.340009	0	0.825768	0.436211	0	-0.825768	-0.436211	0	-0.740272	0.340009	0	-1087.59
5.19	0.69172	-0.278975	0	0.86631	0.476942	0	-0.86631	-0.476942	0	-0.69172	0.278975	0	-1095.95
5.2	0.641406	-0.211095	0	0.902898	0.510597	0	-0.902898	-0.510597	0	-0.641406	0.211095	0	-1110.17
5.21	0.589743	-0.136555	0	0.934834	0.537203	0	-0.934834	-0.537203	0	-0.589743	0.136555	0	-1130.13
5.22	0.53705	-0.0557044	0	0.961351	0.556861	0	-0.961351	-0.556861	0	-0.53705	0.0557044	0	-1154.88
5.23	0.483533	0.030794	0	0.981625	0.569785	0	-0.981625	-0.569785	0	-0.483533	-0.030794	0	-1181.49
5.24	0.429354	0.121752	0	0.99481	0.576363	0	-0.99481	-0.576363	0	-0.429354	-0.121752	0	-1203.62
5.25	0.374894	0.215329	0	1.00011	0.577196	0	-1.00011	-0.577196	0	-0.374894	-0.215329	0	-1212.61
5.26	0.321095	0.30931	0	0.99688	0.573098	0	-0.99688	-0.573098	0	-0.321095	-0.30931	0	-1203.89
5.27	0.269398	0.401766	0	0.984736	0.565031	0	-0.984736	-0.565031	0	-0.269398	-0.401766	0	-1181.91
5.28	0.221212	0.491432	0	0.96355	0.553983	0	-0.96355	-0.553983	0	-0.221212	-0.491432	0	-1155.32
5.29	0.177492	0.577568	0	0.933408	0.540885	0	-0.933408	-0.540885	0	-0.177492	-0.577568	0	-1130.5
5.3	0.138716	0.659663	0	0.894535	0.526559	0	-0.894535	-0.526559	0	-0.138716	-0.659663	0	-1110.45
5.31	0.105031	0.737266	0	0.847225	0.51172	0	-0.847225	-0.51172	0	-0.105031	-0.737266	0	-1096.13
5.32	0.0763938	0.809926	0	0.791806	0.496989	0	-0.791806	-0.496989	0	-0.0763938	-0.809926	0	-1087.67
5.33	0.0526564	0.877167	0	0.72861	0.482911	0	-0.72861	-0.482911	0	-0.0526564	-0.877167	0	-1085.01
5.34	0.0336083	0.938491	0	0.657969	0.469972	0	-0.657969	-0.469972	0	-0.0336083	-0.938491	0	-1088.1
5.35	0.0189913	0.993365	0	0.580212	0.4586	0	-0.580212	-0.4586	0	-0.0189913	-0.993365	0	-1096.98
5.36	0.00849511	1.04123	0	0.495675	0.449153	0	-0.495675	-0.449153	0	-0.00849511	-1.04123	0	-1111.73
5.37	0.00173905	1.08148	0	0.404733	0.441885	0	-0.404733	-0.441885	0	-0.00173906	-1.08148	0	-1132.17
5.38	-0.00175635	1.11351	0	0.307861	0.436879	0	-0.307861	-0.436879	0	0.00175635	-1.11351	0	-1157.26
5.39	-0.00260367	1.13672	0	0.205763	0.433954	0	-0.205763	-0.433954	0	0.00260367	-1.13672	0	-1183.78
5.4	-0.00157631	1.15057	0	0.0996021	0.432632	0	-0.0996021	-0.432632	0	0.00157631	-1.15057	0	-1205.08
5.41	0.000394249	1.15469	0	-0.00877183	0.432332	0	0.00877184	-0.432332	0	-0.00039425	-1.15469	0	-1212.54
5.42	0.00227773	1.14897	0	-0.11694	0.432808	0	0.11694	-0.432808	0	-0.00227773	-1.14897	0	-1202.33
5.43	0.00305343	1.13356	0	-0.222545	0.434389	0	0.222545	-0.434389	0	-0.00305343	-1.13356	0	-1179.59
5.44	0.00181348	1.10888	0	-0.323854	0.437666	0	0.323854	-0.437666	0	-0.00181348	-1.10888	0	-1152.95
5.45	-0.00218811	1.07547	0	-0.419798	0.443072	0	0.419798	-0.443072	0	0.00218811	-1.07547	0	-1128.48
5.46	-0.00953966	1.03394	0	-0.509722	0.450739	0	0.509722	-0.450739	0	0.00953965	-1.03394	0	-1108.92
5.47	-0.020702	0.984903	0	-0.593175	0.460551	0	0.593175	-0.460551	0	0.020702	-0.984903	0	-1095.13
5.48	-0.0360423	0.928947	0	-0.669791	0.472234	0	0.669791	-0.472234	0	0.0360423	-0.928947	0	-1087.19
5.49	-0.0558613	0.866633	0	-0.739237	0.485414	0	0.739237	-0.485414	0	0.0558613	-0.866633	0	-1085.04
5.5	-0.0804093	0.798486	0	-0.801184	0.499655	0	0.801184	-0.499655	0	0.0804093	-0.798486	0	-1088.64
5.51	-0.109888	0.725003	0	-0.8553	0.514462	0	0.8553	-0.514462	0	0.109888	-0.725003	0	-1098.05
5.52	-0.144432	0.646652	0	-0.901253	0.529278	0	0.901253	-0.529278	0	0.144432	-0.646652	0	-1113.33
5.53	-0.18406	0.563884	0	-0.938719	0.543469	0	0.938719	-0.543469	0	0.18406	-0.563884	0	-1134.25
5.54	-0.228583	0.477153	0	-0.967411	0.556302	0	0.967411	-0.556302	0	0.228583	-0.477153	0	-1159.64
5.55	-0.277453	0.386991	0	-0.987123	0.566937	0	0.987123	-0.566937	0	0.277453	-0.386991	0	-1186.02
5.56	-0.32963	0.294204	0	-0.997798	0.57443	0	0.997798	-0.57443	0	0.32963	-0.294204	0	-1206.42
5.57	-0.383661	0.200162	0	-0.999604	0.577789	0	0.999604	-0.577789	0	0.383662	-0.200162	0	-1212.33
5.58	-0.438156	0.106883	0	-0.992975	0.576069	0	0.992975	-0.576069	0	0.438156	-0.106883	0	-1200.69
5.59	-0.492276	0.016562	0	-0.978584	0.568488	0	0.978584	-0.568488	0	0.492276	-0.016562	0	-1177.25
5.6	-0.545701	-0.0690624	0	-0.957242	0.554481	0	0.957242	-0.554481	0	0.545701	0.0690624	0	-1150.61
5.61	-0.598271	-0.148902	0	-0.929797	0.533694	0	0.929797	-0.533694	0	0.598271	0.148902	0	-1126.51
5.62	-0.649766	-0.222358	0	-0.897064	0.505934	0	0.897064	-0.505934	0	0.649766	0.222358	0	-1107.46
5.63	-0.699848	-0.289117	0	-0.8598	0.471115	0	0.8598	-0.471115	0	0.699848	0.289117	0	-1094.19
5.64	-0.74809	-0.349008	0	-0.818693	0.429219	0	0.818693	-0.429219	0	0.74809	0.349008	0	-1086.77
5.65	-0.793998	-0.401933	0	-0.774373	0.380268	0	0.774373	-0.380268	0	0.793998	0.401933	0	-1085.14
5.66	-0.837024	-0.447829	0	-0.727415	0.32431	0	0.727415	-0.32431	0	0.837024	0.447829	0	-1089.26
5.67	-0.876569	-0.486657	0	-0.678346	0.261422	0	0.678346	-0.261422	0	0.876569	0.486657	0	-1099.19
5.68	-0.911979	-0.518412	0	-0.627634	0.191728	0	0.627634	-0.191728	0	0.911979	0.518412	0	-1114.99
5.69	-0.942537	-0.543137	0	-0.57567	0.115447	0	0.57567	-0.115447	0	0.942537	0.543137	0	-1136.38
5.7	-0.96746	-0.560957	0	-0.522742	0.0329941	0	0.522742	-0.0329941	0	0.96746	0.560957	0	-1162.05
5.71	-0.985912	-0.57213	0	-0.469031	-0.0548477	0	0.469031	0.0548477	0	0.985912	0.57213	0	-1188.23
5.72	-0.997051	-0.577095	0	-0.414723	-0.146717	0	0.414723	0.146717	0	0.997051	0.577095	0	-1207.66
5.73	-1.00011	-0.576515	0	-0.360323	-0.240622	0	0.360323	0.240622	0	1.00011	0.576515	0	-1211.98
5.74	-0.994515	-0.571253	0	-0.30694	-0.334359	0	0.30694	0.334359	0	0.994515	0.571253	0	-1198.94
5.75	-0.979943	-0.562289	0	-0.256065	-0.426163	0	0.256065	0.426163	0	0.979943	0.562289	0	-1174.89
5.76	-0.956335	-0.550604	0	-0.209009	-0.514941	0	0.209009	0.514941	0	0.956335	0.550604	0	-1148.3
5.77	-0.92382	-0.5371	0	-0.166589	-0.600038	0	0.166589	0.600038	0	0.92382	0.5371	0	-1124.58
5.78	-0.882648	-0.522571	0	-0.129178	-0.680971	0	0.129178	0.680971	0	0.882648	0.522571	0	-1106.03
5.79	-0.833126	-0.507705	0	-0.0968615	-0.757291	0	0.0968615	0.757291	0	0.833126	0.507705	0	-1093.29
5.8	-0.775584	-0.4931	0	-0.0695603	-0.828543	0	0.0695603	0.828543	0	0.775584	0.4931	0	-1086.39
5.81	-0.710354	-0.479285	0	-0.0471072	-0.894246	0	0.0471072	0.894246	0	0.710354	0.479285	0	-1085.28
5.82	-0.637768	-0.466729	0	-0.0292785	-0.95389	0	0.0292785	0.95389	0	0.637768	0.466729	0	-1089.91
5.83	-0.558154	-0.455844	0	-0.0158031	-1.00694	0	0.0158031	1.00694	0	0.558154	0.455844	0	-1100.37
5.84	-0.471856	-0.446966	0	-0.00635396	-1.05281	0	0.00635397	1.05281	0	0.471856	0.446966	0	-1116.69
5.85	-0.379268	-0.440309	0	-0.000527019	-1.09092	0	0.000527023	1.09092	0	0.379268	0.440309	0	-1138.54
5.86	-0.280907	-0.435895	0	0.00218958	-1.12063	0	-0.00218958	1.12063	0	0.280907	0.435895	0	-1164.45
5.87	-0.177577	-0.43346	0	0.00244966	-1.14137	0	-0.00244965	1.14137	0	0.177577	0.43346	0	-1190.38
5.88	-0.070609	-0.432468	0	0.00107138	-1.15264	0	-0.00107138	1.15264	0	0.070609	0.432468	0	-1208.76
5.89	0.0379592	-0.432379	0	-0.000978761	-1.15411	0	0.000978766	1.15411	0	-0.0379592	0.432379	0	-1211.47
5.9	0.145651	-0.433102	0	-0.00266139	-1.14576	0	0.0026614	1.14576	0	-0.145651	0.433102	0	-1197.09
5.91	0.25024	-0.435084	0	-0.00297774	-1.12782	0	0.00297775	1.12782	0	-0.25024	0.435084	0	-1172.49
5.92	0.350191	-0.438905	0	-0.00106124	-1.10073	0	0.00106124	1.10073	0	-0.350191	0.438905	0	-1145.99
5.93	0.444569	-0.44492	0	0.0037897	-1.06508	0	-0.0037897	1.06508	0	-0.444569	0.44492	0	-1122.68
5.94	0.532793	-0.453185	0	0.0121257	-1.02147	0	-0.0121257	1.02147	0	-0.532794	0.453185	0	-1104.64
5.95	0.614443	-0.463533	0	0.0243792	-0.970518	0	-0.0243792	0.970518	0	-0.614443	0.463533	0	-1092.42
5.96	0.689164	-0.47566	0	0.0408974	-0.9128	0	-0.0408974	0.9128	0	-0.689164	0.47566	0	-1086.05
5.97	0.756627	-0.489172	0	0.0619662	-0.848869	0	-0.0619662	0.848869	0	-0.756627	0.489172	0	-1085.45
5.98	0.816501	-0.503617	0	0.0878234	-0.779241	0	-0.0878234	0.779241	0	-0.816501	0.503617	0	-1090.6
5.99	0.868456	-0.518485	0	0.118655	-0.704405	0	-0.118655	0.704405	0	-0.868456	0.518485	0	-1101.58
6	0.912159	-0.5332	0	0.154572	-0.624824	0	-0.154572	0.624824	0	-0.912159	0.5332	0	-1118.42
6.01	0.947292	-0.547104	0	0.195549	-0.540946	0	-0.195549	0.540946	0	-0.947292	0.547104	0	-1140.72
6.02	0.973586	-0.559434	0	0.241314	-0.453235	0	-0.241314	0.453235	0	-0.973586	0.559434	0	-1166.85
6.03	0.990867	-0.569321	0	0.291199	-0.362271	0	-0.291199	0.362271	0	-0.990867	0.569321	0	-1192.46
6.04	0.999131	-0.575801	0	0.344028	-0.268983	0	-0.344028	0.268983	0	-0.999131	0.575801	0	-1209.72
6.05	0.998616	-0.577882	0	0.398305	-0.174929	0	-0.398305	0.174929	0	-0.998616	0.577882	0	-1210.82
6.06	0.989827	-0.574655	0	0.452756	-0.082241	0	-0.452756	0.082241	0	-0.989827	0.574655	0	-1195.17
6.07	0.973485	-0.565392	0	0.50671	0.00695977	0	-0.50671	-0.00695978	0	-0.973485	0.565392	0	-1170.1
6.08	0.95042	-0.54959	0	0.559922	0.0911107	0	-0.559922	-0.0911107	0	-0.95042	0.54959	0	-1143.74
6.09	0.921477	-0.526942	0	0.612232	0.169277	0	-0.612232	-0.169277	0	-0.921477	0.526942	0	-1120.84
6.1	0.887456	-0.497289	0	0.663385	0.240955	0	-0.663385	-0.240955	0	-0.887456	0.497289	0	-1103.31
6.11	0.849095	-0.460567	0	0.71302	0.30588	0	-0.71302	-0.30588	0	-0.849095	0.460567	0	-1091.62
6.12	0.807066	-0.416771	0	0.760687	0.363906	0	-0.760687	-0.363906	0	-0.807066	0.416771	0	-1085.77
6.13	0.761984	-0.36593	0	0.805877	0.414946	0	-0.805877	-0.414946	0	-0.761984	0.36593	0	-1085.68
6.14	0.714411	-0.3081	0	0.848029	0.458944	0	-0.848029	-0.458944	0	-0.714411	0.3081	0	-1091.35
6.15	0.664858	-0.243367	0	0.88653	0.49587	0	-0.88653	-0.49587	0	-0.664858	0.243367	0	-1102.86
6.16	0.613777	-0.171875	0	0.92071	0.525729	0	-0.92071	-0.525729	0	-0.613777	0.171875	0	-1120.21
6.17	0.561532	-0.0938819	0	0.949834	0.54858	0	-0.949834	-0.54858	0	-0.561532	0.0938819	0	-1142.96
6.18	0.508381	-0.00988302	0	0.973101	0.564582	0	-0.973102	-0.564582	0	-0.508381	0.00988301	0	-1169.27
6.19	0.454486	0.079204	0	0.98967	0.574033	0	-0.98967	-0.574033	0	-0.454486	-0.079204	0	-1194.49
6.2	0.400084	0.171838	0	0.998707	0.577434	0	-0.998707	-0.577434	0	-0.400084	-0.171838	0	-1210.57
6.21	0.345825	0.265907	0	0.999488	0.575504	0	-0.999488	-0.575504	0	-0.345825	-0.265908	0	-1210.04
6.22	0.292969	0.35927	0	0.9915	0.569149	0	-0.9915	-0.569149	0	-0.292969	-0.35927	0	-1193.18
6.23	0.243013	0.450345	0	0.974496	0.55936	0	-0.974496	-0.55936	0	-0.243013	-0.450345	0	-1167.7
6.24	0.197145	0.538189	0	0.948475	0.547102	0	-0.948475	-0.547102	0	-0.197145	-0.538189	0	-1141.5
6.25	0.156051	0.622212	0	0.913606	0.53325	0	-0.913606	-0.53325	0	-0.156051	-0.622212	0	-1119.05
6.26	0.120011	0.70195	0	0.870159	0.518568	0	-0.870159	-0.518568	0	-0.120011	-0.70195	0	-1102.03
6.27	0.0890564	0.776955	0	0.818448	0.503717	0	-0.818448	-0.503717	0	-0.0890564	-0.776955	0	-1090.86
6.28	0.0630789	0.846765	0	0.758807	0.489276	0	-0.758807	-0.489276	0	-0.0630789	-0.846765	0	-1085.53
6.29	0.0418941	0.910891	0	0.691568	0.475757	0	-0.691568	-0.475757	0	-0.0418941	-0.910891	0	-1085.95
6.3	0.0252655	0.968818	0	0.617061	0.463614	0	-0.617061	-0.463614	0	-0.0252655	-0.968818	0	-1092.15
6.31	0.0129083	1.02	0	0.535616	0.453241	0	-0.535616	-0.453241	0	-0.0129083	-1.02	0	-1104.18
6.32	0.00447742	1.06384	0	0.447585	0.444946	0	-0.447585	-0.444946	0	-0.00447743	-1.06384	0	-1122.05
6.33	-0.000456959	1.09975	0	0.353386	0.438903	0	-0.353386	-0.438903	0	0.000456946	-1.09975	0	-1145.22
6.34	-0.00244161	1.12711	0	0.253594	0.435062	0	-0.253594	-0.435062	0	0.0024416	-1.12711	0	-1171.67
6.35	-0.00217339	1.14535	0	0.149127	0.433078	0	-0.149127	-0.433078	0	0.00217338	-1.14535	0	-1196.44
6.36	-0.000514236	1.154	0	0.0415005	0.432373	0	-0.0415004	-0.432373	0	0.000514221	-1.154	0	-1211.26
6.37	0.00153992	1.15283	0	-0.0670782	0.432487	0	0.0670782	-0.432487	0	-0.00153993	-1.15283	0	-1209.11
6.38	0.0029492	1.14187	0	-0.174129	0.433493	0	0.174129	-0.433493	0	-0.00294921	-1.14187	0	-1191.1
6.39	0.00274359	1.12141	0	-0.277593	0.43592	0	0.277593	-0.43592	0	-0.0027436	-1.12141	0	-1165.28
6.4	0.00010009	1.09197	0	-0.376119	0.440312	0	0.376119	-0.440312	0	-0.000100103	-1.09197	0	-1139.29
6.41	-0.00563967	1.05412	0	-0.468891	0.44694	0	0.468891	-0.44694	0	0.00563966	-1.05412	0	-1117.28
6.42	-0.0149911	1.00848	0	-0.555385	0.45579	0	0.555385	-0.455791	0	0.0149911	-1.00848	0	-1100.78
6.43	-0.0283608	0.95565	0	-0.635206	0.466653	0	0.635206	-0.466653	0	0.0283608	-0.95565	0	-1090.14
6.44	-0.0460774	0.89621	0	-0.708008	0.479195	0	0.708008	-0.479195	0	0.0460774	-0.89621	0	-1085.32
6.45	-0.0684133	0.830698	0	-0.773464	0.493007	0	0.773464	-0.493007	0	0.0684133	-0.830698	0	-1086.26
6.46	-0.0955936	0.759624	0	-0.831242	0.50762	0	0.831242	-0.507621	0	0.0955935	-0.759624	0	-1092.97
6.47	-0.127788	0.68347	0	-0.881011	0.522509	0	0.881011	-0.522509	0	0.127788	-0.68347	0	-1105.54
6.48	-0.165077	0.602691	0	-0.92244	0.537076	0	0.92244	-0.537076	0	0.165077	-0.602691	0	-1123.91
6.49	-0.207383	0.517736	0	-0.955221	0.550637	0	0.955221	-0.550637	0	0.207383	-0.517736	0	-1147.49
6.5	-0.254344	0.429086	0	-0.979103	0.562401	0	0.979103	-0.562401	0	0.254344	-0.429086	0	-1174.05
6.51	-0.305158	0.337387	0	-0.993952	0.57147	0	0.993952	-0.57147	0	0.305158	-0.337387	0	-1198.3
6.52	-0.358528	0.243712	0	-0.999822	0.576864	0	0.999822	-0.576864	0	0.358528	-0.243712	0	-1211.81
6.53	-0.412957	0.149804	0	-0.997024	0.577602	0	0.997024	-0.577602	0	0.412957	-0.149804	0	-1208.05
6.54	-0.467318	0.0578632	0	-0.986128	0.572815	0	0.986128	-0.572815	0	0.467318	-0.0578632	0	-1188.98
6.55	-0.52109	-0.0301039	0	-0.967896	0.561835	0	0.967896	-0.561835	0	0.52109	0.030104	0	-1162.87
6.56	-0.574081	-0.112715	0	-0.94317	0.544216	0	0.94317	-0.544216	0	0.574081	0.112715	0	-1137.12
6.57	-0.626111	-0.189173	0	-0.912787	0.519695	0	0.912787	-0.519695	0	0.626111	0.189173	0	-1115.57
6.58	-0.676898	-0.259054	0	-0.877531	0.488144	0	0.877531	-0.488144	0	0.676898	0.259054	0	-1099.59
6.59	-0.726052	-0.322134	0	-0.838122	0.449519	0	0.838122	-0.449519	0	0.726052	0.322134	0	-1089.48
6.6	-0.773107	-0.378289	0	-0.795215	0.403825	0	0.795215	-0.403825	0	0.773107	0.378289	0	-1085.18
6.61	-0.817539	-0.42744	0	-0.749412	0.351098	0	0.749412	-0.351098	0	0.817539	0.42744	0	-1086.63
6.62	-0.858774	-0.469538	0	-0.701261	0.291401	0	0.701261	-0.291401	0	0.858774	0.469538	0	-1093.87
6.63	-0.896183	-0.504562	0	-0.651258	0.224833	0	0.651258	-0.224833	0	0.896183	0.504562	0	-1106.95
6.64	-0.92908	-0.532527	0	-0.599835	0.15156	0	0.599835	-0.15156	0	0.92908	0.532527	0	-1125.84
6.65	-0.956711	-0.553517	0	-0.547328	0.0718895	0	0.547328	-0.0718895	0	0.956711	0.553517	0	-1149.8
6.66	-0.978263	-0.567721	0	-0.493966	-0.0135913	0	0.493966	0.0135913	0	0.978263	0.567721	0	-1176.43
6.67	-0.992887	-0.575488	0	-0.439904	-0.103813	0	0.439904	0.103813	0	0.992887	0.575488	0	-1200.09
6.68	-0.99977	-0.577376	0	-0.385453	-0.197056	0	0.385453	0.197056	0	0.99977	0.577376	0	-1212.23
6.69	-0.998234	-0.574163	0	-0.331429	-0.291132	0	0.331429	0.291132	0	0.998234	0.574163	0	-1206.87
6.7	-0.987835	-0.566788	0	-0.279212	-0.384007	0	0.279212	0.384007	0	0.987835	0.566788	0	-1186.8
6.71	-0.9684	-0.556244	0	-0.230261	-0.474287	0	0.230261	0.474287	0	0.9684	0.556244	0	-1160.48
6.72	-0.939979	-0.543477	0	-0.185631	-0.561155	0	0.185631	0.561155	0	0.939979	0.543477	0	-1135
6.73	-0.902775	-0.529332	0	-0.145882	-0.644072	0	0.145882	0.644072	0	0.902775	0.529332	0	-1113.91
6.74	-0.857075	-0.514545	0	-0.111215	-0.722583	0	0.111215	0.722583	0	0.857075	0.514545	0	-1098.45
6.75	-0.8032	-0.499752	0	-0.0816139	-0.796239	0	0.0816139	0.79624	0	0.8032	0.499752	0	-1088.86
6.76	-0.741484	-0.485512	0	-0.0569464	-0.864572	0	0.0569465	0.864572	0	0.741484	0.485512	0	-1085.08
6.77	-0.672259	-0.472322	0	-0.0370126	-0.927084	0	0.0370126	0.927085	0	0.672259	0.472322	0	-1087.05
6.78	-0.595854	-0.460621	0	-0.0215633	-0.983253	0	0.0215634	0.983253	0	0.595854	0.460621	0	-1094.81
6.79	-0.512603	-0.450782	0	-0.0102993	-1.03252	0	0.0102994	1.03252	0	0.512603	0.450782	0	-1108.42
6.8	-0.422869	-0.443086	0	-0.00285544	-1.0743	0	0.00285548	1.0743	0	0.422869	0.443086	0	-1127.8
6.81	-0.327099	-0.437653	0	0.00122608	-1.10797	0	-0.00122604	1.10797	0	0.327099	0.437653	0	-1152.15
6.82	-0.225941	-0.43436	0	0.00252944	-1.13293	0	-0.00252939	1.13293	0	0.225941	0.43436	0	-1178.79
6.83	-0.120445	-0.432783	0	0.00179579	-1.14863	0	-0.00179574	1.14863	0	0.120445	0.432783	0	-1201.78
6.84	-0.0123222	-0.432329	0	-7.13308e-05	-1.15465	0	7.13797e-05	1.15465	0	0.0123221	0.432329	0	-1212.49
6.85	0.0960835	-0.432653	0	-0.00205325	-1.15084	0	0.0020533	1.15084	0	-0.0960836	0.432653	0	-1205.56
6.86	0.202344	-0.433983	0	-0.00311824	-1.13728	0	0.00311829	1.13728	0	-0.202344	0.433983	0	-1184.56
6.87	0.304587	-0.436896	0	-0.00233074	-1.11436	0	0.00233079	1.11436	0	-0.304587	0.436896	0	-1158.08
6.88	0.40163	-0.441877	0	0.00108754	-1.08259	0	-0.0010875	1.08259	0	-0.40163	0.441877	0	-1132.89
6.89	0.49276	-0.449116	0	0.00775349	-1.04259	0	-0.00775345	1.04259	0	-0.49276	0.449116	0	-1112.28
6.9	0.577496	-0.458537	0	0.0181499	-0.994958	0	-0.0181498	0.994958	0	-0.577496	0.458537	0	-1097.34
6.91	0.655463	-0.469889	0	0.0326595	-0.940299	0	-0.0326595	0.940299	0	-0.655463	0.469889	0	-1088.28
6.92	0.726323	-0.482817	0	0.0515945	-0.879176	0	-0.0515944	0.879176	0	-0.726323	0.482817	0	-1085.01
6.93	0.789747	-0.496894	0	0.075214	-0.812122	0	-0.0752139	0.812122	0	-0.789747	0.496894	0	-1087.5
6.94	0.845406	-0.511637	0	0.10373	-0.739637	0	-0.10373	0.739637	0	-0.845406	0.511637	0	-1095.77
6.95	0.892965	-0.526502	0	0.137292	-0.662196	0	-0.137292	0.662196	0	-0.892965	0.526502	0	-1109.91
6.96	0.932098	-0.54087	0	0.175948	-0.580252	0	-0.175948	0.580252	0	-0.932098	0.54087	0	-1129.79
6.97	0.962509	-0.554031	0	0.219559	-0.494254	0	-0.219559	0.494254	0	-0.962509	0.554032	0	-1154.49
6.98	0.98397	-0.565165	0	0.267658	-0.40471	0	-0.267658	0.40471	0	-0.98397	0.565165	0	-1181.11
6.99	0.99639	-0.573344	0	0.319306	-0.312349	0	-0.319306	0.312349	0	-0.99639	0.573345	0	-1203.36
7	0.999889	-0.577581	0	0.373105	-0.218413	0	-0.373105	0.218413	0	-0.999889	0.577581	0	-1212.6
7.01	0.994848	-0.576912	0	0.427602	-0.124815	0	-0.427602	0.124815	0	-0.994848	0.576912	0	-1204.13
7.02	0.981901	-0.570516	0	0.481837	-0.0337685	0	-0.481837	0.0337685	0	-0.981901	0.570516	0	-1182.28
7.03	0.96184	-0.557786	0	0.535415	0.052866	0	-0.535415	-0.0528661	0	-0.96184	0.557786	0	-1155.7
7.04	0.935514	-0.538331	0	0.58817	0.133881	0	-0.58817	-0.133881	0	-0.935514	0.538331	0	-1130.83
7.05	0.903747	-0.511928	0	0.639901	0.208601	0	-0.639901	-0.208601	0	-0.903747	0.511928	0	-1110.7
7.06	0.867308	-0.478477	0	0.690292	0.27667	0	-0.690292	-0.27667	0	-0.867308	0.478477	0	-1096.29
7.07	0.826898	-0.437949	0	0.738932	0.337898	0	-0.738932	-0.337898	0	-0.826898	0.437949	0	-1087.75
7.08	0.783158	-0.390359	0	0.785336	0.392175	0	-0.785336	-0.392175	0	-0.783158	0.390359	0	-1085
7.09	0.736673	-0.335751	0	0.828968	0.439434	0	-0.828969	-0.439434	0	-0.736673	0.335751	0	-1088
7.1	0.68798	-0.274195	0	0.86924	0.479631	0	-0.86924	-0.479631	0	-0.68798	0.274195	0	-1096.8
7.11	0.637558	-0.205803	0	0.905507	0.512753	0	-0.905507	-0.512753	0	-0.637558	0.205803	0	-1111.47
7.12	0.585816	-0.130771	0	0.937066	0.538832	0	-0.937066	-0.538832	0	-0.585816	0.130771	0	-1131.83
7.13	0.533064	-0.0494648	0	0.963146	0.557973	0	-0.963146	-0.557973	0	-0.533064	0.0494647	0	-1156.86
7.14	0.479499	0.0374215	0	0.98292	0.570405	0	-0.98292	-0.570405	0	-0.479499	-0.0374216	0	-1183.4
7.15	0.425289	0.128652	0	0.99554	0.576528	0	-0.99554	-0.576528	0	-0.425289	-0.128652	0	-1204.85
7.16	0.370847	0.222342	0	1.00022	0.576961	0	-1.00022	-0.576961	0	-0.370847	-0.222342	0	-1212.56
7.17	0.317161	0.316273	0	0.996333	0.572532	0	-0.996333	-0.572532	0	-0.317161	-0.316273	0	-1202.6
7.18	0.265691	0.40856	0	0.983512	0.564208	0	-0.983512	-0.564208	0	-0.265691	-0.40856	0	-1179.98
7.19	0.217821	0.497988	0	0.961649	0.552978	0	-0.96165	-0.552978	0	-0.217821	-0.497988	0	-1153.34
7.2	0.174467	0.583842	0	0.930844	0.539763	0	-0.930844	-0.539763	0	-0.174467	-0.583842	0	-1128.82
7.21	0.136077	0.66562	0	0.891326	0.525379	0	-0.891326	-0.525379	0	-0.136077	-0.66562	0	-1109.18
7.22	0.102781	0.742872	0	0.843396	0.510532	0	-0.843396	-0.510532	0	-0.102781	-0.742872	0	-1095.3
7.23	0.0745233	0.815145	0	0.787381	0.495836	0	-0.787381	-0.495836	0	-0.0745234	-0.815145	0	-1087.28
7.24	0.0511513	0.881963	0	0.723615	0.481834	0	-0.723615	-0.481834	0	-0.0511513	-0.881963	0	-1085.05
7.25	0.0324503	0.942825	0	0.652428	0.469004	0	-0.652428	-0.469004	0	-0.0324504	-0.942825	0	-1088.56
7.26	0.0181587	0.997196	0	0.574149	0.457771	0	-0.574149	-0.457771	0	-0.0181588	-0.997196	0	-1097.89
7.27	0.00796158	1.04451	0	0.489118	0.448488	0	-0.489118	-0.448488	0	-0.0079617	-1.04451	0	-1113.08
7.28	0.00147186	1.08417	0	0.397712	0.441398	0	-0.397712	-0.441398	0	-0.00147199	-1.08417	0	-1133.92
7.29	-0.00179875	1.11556	0	0.300419	0.436567	0	-0.300419	-0.436567	0	0.00179861	-1.11556	0	-1159.26
7.3	-0.00247421	1.13808	0	0.197968	0.433791	0	-0.197968	-0.43379	0	0.00247406	-1.13808	0	-1185.67
7.31	-0.00134051	1.15121	0	0.0915677	0.432575	0	-0.0915676	-0.432575	0	0.00134035	-1.15121	0	-1206.22
7.32	0.000660553	1.1546	0	-0.016879	0.432344	0	0.0168791	-0.432344	0	-0.000660712	-1.1546	0	-1212.38
7.33	0.00249526	1.14814	0	-0.124932	0.432896	0	0.124932	-0.432896	0	-0.00249542	-1.14814	0	-1200.96
7.34	0.00314828	1.13202	0	-0.230265	0.434594	0	0.230266	-0.434594	0	-0.00314843	-1.13202	0	-1177.63
7.35	0.00172294	1.10667	0	-0.331203	0.438029	0	0.331203	-0.438029	0	-0.00172308	-1.10667	0	-1150.99
7.36	-0.00251424	1.07263	0	-0.426714	0.443613	0	0.426714	-0.443613	0	0.0025141	-1.07263	0	-1126.83
7.37	-0.0101408	1.03051	0	-0.516166	0.451457	0	0.516166	-0.451457	0	0.0101406	-1.03051	0	-1107.69
7.38	-0.0216093	0.980937	0	-0.599118	0.461429	0	0.599118	-0.461429	0	0.0216092	-0.980937	0	-1094.33
7.39	-0.0372811	0.924487	0	-0.675207	0.473245	0	0.675207	-0.473245	0	0.0372811	-0.924487	0	-1086.83
7.4	-0.0574528	0.86172	0	-0.744101	0.486528	0	0.744101	-0.486528	0	0.0574528	-0.861719	0	-1085.12
7.41	-0.082371	0.793158	0	-0.80547	0.500836	0	0.80547	-0.500836	0	0.082371	-0.793158	0	-1089.15
7.42	-0.112233	0.719296	0	-0.858984	0.515669	0	0.858984	-0.515669	0	0.112233	-0.719296	0	-1099
7.43	-0.147167	0.640602	0	-0.90431	0.530466	0	0.90431	-0.530467	0	0.147168	-0.640602	0	-1114.71
7.44	-0.187182	0.557524	0	-0.941126	0.544586	0	0.941126	-0.544586	0	0.187182	-0.557524	0	-1136.03
7.45	-0.232064	0.47052	0	-0.969148	0.557288	0	0.969148	-0.557288	0	0.232064	-0.47052	0	-1161.65
7.46	-0.281234	0.380133	0	-0.988181	0.567723	0	0.988181	-0.567723	0	0.281234	-0.380133	0	-1187.86
7.47	-0.333612	0.2872	0	-0.998181	0.574942	0	0.998181	-0.574942	0	0.333612	-0.2872	0	-1207.46
7.48	-0.387731	0.193144	0	-0.999336	0.57795	0	0.999336	-0.57795	0	0.387731	-0.193144	0	-1212.04
7.49	-0.442227	0.10002	0	-0.9921	0.575815	0	0.992099	-0.575815	0	0.442227	-0.10002	0	-1199.22
7.5	-0.49631	0.0100045	0	-0.977159	0.567767	0	0.977159	-0.567767	0	0.496311	-0.0100044	0	-1175.27
7.51	-0.549684	-0.0752107	0	-0.955331	0.553259	0	0.955331	-0.55326	0	0.549685	0.0752109	0	-1148.67
7.52	-0.602191	-0.154582	0	-0.927464	0.531952	0	0.927464	-0.531952	0	0.602191	0.154582	0	-1124.89
7.53	-0.653599	-0.227539	0	-0.89437	0.503661	0	0.89437	-0.503661	0	0.653599	0.227539	0	-1106.25
7.54	-0.703565	-0.293782	0	-0.856799	0.468307	0	0.856798	-0.468307	0	0.703565	0.293782	0	-1093.42
7.55	-0.751655	-0.353149	0	-0.815435	0.425877	0	0.815434	-0.425877	0	0.751656	0.353149	0	-1086.44
7.56	-0.797371	-0.405545	0	-0.770903	0.376395	0	0.770902	-0.376395	0	0.797372	0.405545	0	-1085.24
7.57	-0.840161	-0.450907	0	-0.723776	0.31991	0	0.723775	-0.31991	0	0.840161	0.450907	0	-1089.79
7.58	-0.879423	-0.489202	0	-0.674575	0.256503	0	0.674575	-0.256503	0	0.879423	0.489202	0	-1100.16
7.59	-0.914498	-0.520425	0	-0.623764	0.186301	0	0.623763	-0.186301	0	0.914498	0.520425	0	-1116.4
7.6	-0.944663	-0.544624	0	-0.571727	0.109535	0	0.571727	-0.109535	0	0.944663	0.544623	0	-1138.18
7.61	-0.969132	-0.561933	0	-0.518743	0.0266414	0	0.518743	-0.0266412	0	0.969132	0.561932	0	-1164.05
7.62	-0.987066	-0.572621	0	-0.464988	-0.0615624	0	0.464988	0.0615627	0	0.987066	0.57262	0	-1190.02
7.63	-0.997625	-0.577144	0	-0.410658	-0.153664	0	0.410658	0.153665	0	0.997625	0.577144	0	-1208.58
7.64	-1.00005	-0.576181	0	-0.356298	-0.247637	0	0.356298	0.247637	0	1.00005	0.576181	0	-1211.56
7.65	-0.993792	-0.570609	0	-0.303059	-0.341286	0	0.303059	0.341286	0	0.993792	0.570608	0	-1197.4
7.66	-0.978542	-0.561409	0	-0.252439	-0.432899	0	0.252439	0.432899	0	0.978542	0.561408	0	-1172.89
7.67	-0.954259	-0.549559	0	-0.205716	-0.521425	0	0.205716	0.521425	0	0.954259	0.549559	0	-1146.38
7.68	-0.921086	-0.535956	0	-0.163671	-0.60623	0	0.163671	0.60623	0	0.921086	0.535955	0	-1123
7.69	-0.879276	-0.521383	0	-0.126649	-0.686836	0	0.126649	0.686836	0	0.879276	0.521383	0	-1104.87
7.7	-0.82914	-0.506521	0	-0.094719	-0.762796	0	0.0947191	0.762797	0	0.82914	0.506521	0	-1092.57
7.71	-0.771009	-0.491963	0	-0.0677942	-0.833652	0	0.0677944	0.833652	0	0.771009	0.491962	0	-1086.11
7.72	-0.705216	-0.478232	0	-0.0457021	-0.898921	0	0.0457023	0.898921	0	0.705216	0.478232	0	-1085.43
7.73	-0.632091	-0.465795	0	-0.0282152	-0.958093	0	0.0282155	0.958093	0	0.632091	0.465794	0	-1090.49
7.74	-0.551963	-0.455057	0	-0.0150586	-1.01062	0	0.015059	1.01062	0	0.551963	0.455057	0	-1101.39
7.75	-0.465178	-0.446347	0	-0.0059005	-1.05594	0	0.00590089	1.05594	0	0.465178	0.446347	0	-1118.14
7.76	-0.372136	-0.43987	0	-0.000329711	-1.09344	0	0.000330147	1.09344	0	0.372135	0.43987	0	-1140.38
7.77	-0.27337	-0.435626	0	0.00217512	-1.1225	0	-0.00217465	1.1225	0	0.273369	0.435626	0	-1166.47
7.78	-0.169712	-0.43333	0	0.00227973	-1.14255	0	-0.00227924	1.14255	0	0.169712	0.43333	0	-1192.13
7.79	-0.0625447	-0.432432	0	0.000814703	-1.15309	0	-0.000814194	1.15309	0	0.0625442	0.432432	0	-1209.58
7.8	0.0460453	-0.43241	0	-0.0012446	-1.15382	0	0.00124512	1.15382	0	-0.0460458	0.43241	0	-1210.94
7.81	0.153574	-0.433218	0	-0.00285776	-1.14474	0	0.00285827	1.14474	0	-0.153575	0.433218	0	-1195.49
7.82	0.257861	-0.435329	0	-0.00303337	-1.12609	0	0.00303386	1.12609	0	-0.257861	0.435329	0	-1170.49
7.83	0.35742	-0.439317	0	-0.000916825	-1.09835	0	0.00091728	1.09834	0	-0.357421	0.439317	0	-1144.1
7.84	0.451355	-0.445512	0	0.00418123	-1.06208	0	-0.00418081	1.06207	0	-0.451355	0.445512	0	-1121.14
7.85	0.539099	-0.45395	0	0.0128013	-1.0179	0	-0.0128009	1.0179	0	-0.539099	0.45395	0	-1103.52
7.86	0.62024	-0.464452	0	0.0253684	-0.966417	0	-0.0253681	0.966417	0	-0.62024	0.464453	0	-1091.75
7.87	0.694427	-0.476705	0	0.0422242	-0.908216	0	-0.0422239	0.908216	0	-0.694428	0.476705	0	-1085.81
7.88	0.761331	-0.490311	0	0.0636509	-0.843842	0	-0.0636507	0.843841	0	-0.761331	0.490311	0	-1085.64
7.89	0.820622	-0.504812	0	0.0898825	-0.773809	0	-0.0898824	0.773808	0	-0.820622	0.504813	0	-1091.22
7.9	0.871968	-0.519696	0	0.121101	-0.698604	0	-0.121101	0.698603	0	-0.871968	0.519696	0	-1102.65
7.91	0.915037	-0.534379	0	0.157409	-0.618689	0	-0.157409	0.618688	0	-0.915037	0.534379	0	-1119.92
7.92	0.949515	-0.548195	0	0.198767	-0.534511	0	-0.198767	0.53451	0	-0.949515	0.548196	0	-1142.59
7.93	0.975136	-0.560377	0	0.24488	-0.446537	0	-0.24488	0.446536	0	-0.975135	0.560378	0	-1168.87
7.94	0.991737	-0.570045	0	0.295042	-0.355366	0	-0.295042	0.355365	0	-0.991736	0.570045	0	-1194.16
7.95	0.99933	-0.576229	0	0.348042	-0.261963	0	-0.348042	0.261962	0	-0.99933	0.57623	0	-1210.44
7.96	0.998174	-0.577941	0	0.402379	-0.167938	0	-0.40238	0.167938	0	-0.998173	0.577942	0	-1210.17
7.97	0.988792	-0.574283	0	0.456818	-0.0754484	0	-0.456818	0.0754479	0	-0.988792	0.574284	0	-1193.5
7.98	0.971918	-0.564543	0	0.51073	0.0134136	0	-0.510731	-0.0134141	0	-0.971917	0.564544	0	-1168.08
7.99	0.948385	-0.548234	0	0.563889	0.0971359	0	-0.56389	-0.0971362	0	-0.948384	0.548234	0	-1141.86
8	0.919037	-0.525061	0	0.61613	0.174824	0	-0.61613	-0.174824	0	-0.919036	0.525061	0	-1119.33
8.01	0.884669	-0.494875	0	0.66719	0.245997	0	-0.667191	-0.245997	0	-0.884668	0.494876	0	-1102.23
8.02	0.846015	-0.457619	0	0.716699	0.310404	0	-0.7167	-0.310404	0	-0.846014	0.457619	0	-1090.97
8.03	0.803741	-0.413289	0	0.764204	0.367904	0	-0.764204	-0.367904	0	-0.803741	0.413289	0	-1085.56
8.04	0.758459	-0.361917	0	0.80919	0.418413	0	-0.809191	-0.418413	0	-0.758458	0.361917	0	-1085.9
8.05	0.710727	-0.303562	0	0.851094	0.461878	0	-0.851095	-0.461878	0	-0.710726	0.303561	0	-1092
8.06	0.661053	-0.238311	0	0.889299	0.49827	0	-0.8893	-0.49827	0	-0.661052	0.238311	0	-1103.95
8.07	0.60988	-0.166316	0	0.923128	0.527597	0	-0.923129	-0.527596	0	-0.609879	0.166315	0	-1121.74
8.08	0.557568	-0.087847	0	0.951843	0.549926	0	-0.951844	-0.549925	0	-0.557568	0.0878463	0	-1144.84
8.09	0.504365	-0.00342337	0	0.97464	0.565422	0	-0.97464	-0.565421	0	-0.504364	0.00342257	0	-1171.27
8.1	0.45043	0.0859962	0	0.990673	0.5744	0	-0.990673	-0.574399	0	-0.45043	-0.0859972	0	-1196.12
8.11	0.396018	0.17882	0	0.999115	0.577373	0	-0.999115	-0.577372	0	-0.396017	-0.178821	0	-1211.16
8.12	0.341823	0.272912	0	0.999253	0.575079	0	-0.999253	-0.575078	0	-0.341823	-0.272913	0	-1209.27
8.13	0.289142	0.366154	0	0.990593	0.568433	0	-0.990594	-0.568432	0	-0.289142	-0.366155	0	-1191.45
8.14	0.239465	0.457018	0	0.972911	0.558428	0	-0.972911	-0.558427	0	-0.239465	-0.457019	0	-1165.68
8.15	0.193945	0.544597	0	0.946219	0.546025	0	-0.946219	-0.546024	0	-0.193945	-0.544599	0	-1139.66
8.16	0.153232	0.628319	0	0.910696	0.532089	0	-0.910696	-0.532088	0	-0.153232	-0.62832	0	-1117.57
8.17	0.117581	0.707722	0	0.866617	0.517376	0	-0.866616	-0.517375	0	-0.117581	-0.707723	0	-1100.99
8.18	0.0870103	0.782357	0	0.814299	0.502542	0	-0.814299	-0.502541	0	-0.0870109	-0.782358	0	-1090.26
8.19	0.0614051	0.85176	0	0.754077	0.488159	0	-0.754076	-0.488158	0	-0.0614058	-0.851761	0	-1085.36
8.2	0.0405759	0.915442	0	0.686281	0.474733	0	-0.68628	-0.474732	0	-0.0405768	-0.915443	0	-1086.22
8.21	0.0242829	0.972885	0	0.611241	0.462717	0	-0.61124	-0.462716	0	-0.0242839	-0.972886	0	-1092.85
8.22	0.0122372	1.02354	0	0.529289	0.452497	0	-0.529288	-0.452497	0	-0.0122384	-1.02354	0	-1105.32
8.23	0.00408823	1.06681	0	0.44078	0.444376	0	-0.440778	-0.444375	0	-0.00408955	-1.06681	0	-1123.62
8.24	-0.00060132	1.1021	0	0.346138	0.438511	0	-0.346137	-0.438511	0	0.000599877	-1.1021	0	-1147.13
8.25	-0.00238849	1.1288	0	0.245958	0.434834	0	-0.245956	-0.434834	0	0.00238694	-1.1288	0	-1173.67
8.26	-0.00198243	1.14633	0	0.141192	0.432977	0	-0.141191	-0.432977	0	0.00198081	-1.14633	0	-1198.01
8.27	-0.000256985	1.15425	0	0.0334103	0.432354	0	-0.0334087	-0.432354	0	0.000255328	-1.15425	0	-1211.74
8.28	0.00178479	1.15234	0	-0.0751388	0.432535	0	0.0751404	-0.432536	0	-0.00178645	-1.15234	0	-1208.23
8.29	0.00310443	1.14065	0	-0.181984	0.433636	0	0.181986	-0.433637	0	-0.00310605	-1.14065	0	-1189.33
8.3	0.00274098	1.11951	0	-0.285117	0.436204	0	0.285119	-0.436205	0	-0.00274253	-1.11951	0	-1163.27
8.31	-0.000116159	1.08941	0	-0.383235	0.440768	0	0.383236	-0.440769	0	0.000114715	-1.08941	0	-1137.48
8.32	-0.00611358	1.05096	0	-0.475553	0.447575	0	0.475554	-0.447576	0	0.00611227	-1.05095	0	-1115.85
8.33	-0.0157573	1.00476	0	-0.561559	0.456594	0	0.56156	-0.456595	0	0.0157562	-1.00475	0	-1099.78
8.34	-0.029447	0.951415	0	-0.640864	0.467604	0	0.640865	-0.467605	0	0.0294461	-0.951413	0	-1089.58
8.35	-0.0475067	0.891503	0	-0.713126	0.480263	0	0.713127	-0.480265	0	0.0475059	-0.891501	0	-1085.2
8.36	-0.0702048	0.825558	0	-0.778017	0.494159	0	0.778017	-0.494161	0	0.0702043	-0.825557	0	-1086.57
8.37	-0.0977627	0.754089	0	-0.835205	0.508818	0	0.835205	-0.50882	0	0.0977624	-0.754088	0	-1093.72
8.38	-0.130345	0.677575	0	-0.884358	0.523709	0	0.884358	-0.523711	0	0.130345	-0.677573	0	-1106.72
8.39	-0.168023	0.596471	0	-0.925148	0.53823	0	0.925148	-0.538232	0	0.168024	-0.596469	0	-1125.52
8.4	-0.210704	0.511225	0	-0.957268	0.551688	0	0.957267	-0.55169	0	0.210705	-0.511223	0	-1149.43
8.41	-0.257997	0.422325	0	-0.980475	0.563286	0	0.980474	-0.563288	0	0.257998	-0.422323	0	-1176.04
8.42	-0.309063	0.330437	0	-0.994644	0.572116	0	0.994643	-0.572118	0	0.309064	-0.330435	0	-1199.8
8.43	-0.362572	0.236681	0	-0.999849	0.577194	0	0.999848	-0.577196	0	0.362573	-0.236679	0	-1212.16
8.44	-0.417036	0.142847	0	-0.996421	0.577545	0	0.996419	-0.577547	0	0.417037	-0.142846	0	-1207.06
8.45	-0.471373	0.0511472	0	-0.984947	0.572313	0	0.984945	-0.572315	0	0.471375	-0.0511456	0	-1187.15
8.46	-0.5251	-0.0364522	0	-0.9662	0.560846	0	0.966198	-0.560847	0	0.525102	0.0364536	0	-1160.86
8.47	-0.578033	-0.118618	0	-0.941023	0.542713	0	0.941021	-0.542715	0	0.578036	0.118619	0	-1135.33
8.48	-0.629989	-0.194588	0	-0.910251	0.517666	0	0.910248	-0.517667	0	0.629992	0.194589	0	-1114.16
8.49	-0.680675	-0.263961	0	-0.874663	0.485582	0	0.87466	-0.485582	0	0.680677	0.263961	0	-1098.62
8.5	-0.729694	-0.32652	0	-0.834974	0.446422	0	0.834971	-0.446422	0	0.729697	0.32652	0	-1088.95
8.51	-0.776576	-0.382147	0	-0.791835	0.400194	0	0.791833	-0.400194	0	0.776579	0.382147	0	-1085.08
8.52	-0.820793	-0.430766	0	-0.745843	0.346938	0	0.745841	-0.346938	0	0.820796	0.430766	0	-1086.97
8.53	-0.861767	-0.472331	0	-0.697543	0.286718	0	0.697541	-0.286717	0	0.86177	0.47233	0	-1094.64
8.54	-0.898865	-0.506821	0	-0.647427	0.219636	0	0.647425	-0.219634	0	0.898868	0.506819	0	-1108.16
8.55	-0.931397	-0.534256	0	-0.59592	0.145865	0	0.595917	-0.145863	0	0.931399	0.534254	0	-1127.47
8.56	-0.958603	-0.554727	0	-0.543351	0.0657301	0	0.543349	-0.0657278	0	0.958605	0.554724	0	-1151.75
8.57	-0.979666	-0.568432	0	-0.489939	-0.0201551	0	0.489937	0.0201578	0	0.979668	0.56843	0	-1178.4
8.58	-0.993738	-0.575736	0	-0.435842	-0.110675	0	0.43584	0.110678	0	0.99374	0.575733	0	-1201.5
8.59	-1.00001	-0.577212	0	-0.381396	-0.204064	0	0.381394	0.204067	0	1.00001	0.577209	0	-1212.45
8.6	-0.997822	-0.573654	0	-0.327464	-0.298119	0	0.327463	0.298122	0	0.997824	0.57365	0	-1205.78
8.61	-0.986749	-0.566008	0	-0.275453	-0.390843	0	0.275452	0.390847	0	0.98675	0.566004	0	-1184.93
8.62	-0.966636	-0.555268	0	-0.226803	-0.480895	0	0.226803	0.480899	0	0.966636	0.555264	0	-1158.47
8.63	-0.937548	-0.542373	0	-0.182533	-0.567488	0	0.182533	0.567492	0	0.937548	0.542369	0	-1133.24
8.64	-0.899696	-0.528159	0	-0.143169	-0.650094	0	0.14317	0.650097	0	0.899696	0.528156	0	-1112.55
8.65	-0.853371	-0.513355	0	-0.108891	-0.72826	0	0.108892	0.728264	0	0.85337	0.513351	0	-1097.53
8.66	-0.798896	-0.49859	0	-0.0796711	-0.801537	0	0.079673	0.80154	0	0.798894	0.498586	0	-1088.38
8.67	-0.736606	-0.484418	0	-0.0553719	-0.869453	0	0.0553743	0.869456	0	0.736604	0.484415	0	-1085.03
8.68	-0.666831	-0.471331	0	-0.0357886	-0.931511	0	0.0357916	0.931514	0	0.666828	0.471328	0	-1087.43
8.69	-0.589901	-0.459765	0	-0.0206688	-0.987184	0	0.0206723	0.987187	0	0.589897	0.459762	0	-1095.62
8.7	-0.50615	-0.450086	0	-0.00970886	-1.03591	0	0.00971281	1.03591	0	0.506146	0.450084	0	-1109.67
8.71	-0.415947	-0.442565	0	-0.00253774	-1.0771	0	0.00254213	1.07711	0	0.415942	0.442564	0	-1129.47
8.72	-0.319748	-0.437309	0	0.00131062	-1.11015	0	-0.00130586	1.11015	0	0.319743	0.437308	0	-1154.11
8.73	-0.218221	-0.434172	0	0.00243133	-1.13443	0	-0.00242626	1.13443	0	0.218216	0.434172	0	-1180.74
8.74	-0.11246	-0.43271	0	0.00157803	-1.14942	0	-0.00157275	1.14942	0	0.112455	0.43271	0	-1203.12
8.75	-0.0042288	-0.43233	0	-0.000334635	-1.15471	0	0.000340013	1.15471	0	0.00422342	0.43233	0	-1212.59
8.76	0.104097	-0.432725	0	-0.00228297	-1.15015	0	0.00228833	1.15015	0	-0.104102	0.432726	0	-1204.38
8.77	0.210112	-0.434161	0	-0.003239	-1.13588	0	0.00324421	1.13588	0	-0.210117	0.434163	0	-1182.66
8.78	0.311999	-0.437226	0	-0.0022776	-1.11228	0	0.00228254	1.11227	0	-0.312004	0.437229	0	-1156.09
8.79	0.40862	-0.442383	0	0.001367	-1.07987	0	-0.00136243	1.07987	0	-0.408625	0.442387	0	-1131.17
8.8	0.499285	-0.4498	0	0.00830048	-1.03928	0	-0.00829638	1.03927	0	-0.49929	0.449804	0	-1110.96
8.81	0.583527	-0.459384	0	0.0189969	-0.9911	0	-0.0189934	0.991096	0	-0.58353	0.459388	0	-1096.47
8.82	0.660972	-0.470876	0	0.033833	-0.935939	0	-0.0338301	0.935934	0	-0.660975	0.470881	0	-1087.84
8.83	0.731285	-0.483913	0	0.0531161	-0.874355	0	-0.0531139	0.874349	0	-0.731288	0.483918	0	-1085.01
8.84	0.794138	-0.498064	0	0.0771021	-0.806878	0	-0.0771006	0.806872	0	-0.79414	0.49807	0	-1087.92
8.85	0.8492	-0.512841	0	0.105999	-0.734008	0	-0.105998	0.734001	0	-0.849201	0.512848	0	-1096.64
8.86	0.896138	-0.527697	0	0.13995	-0.656217	0	-0.139951	0.65621	0	-0.896138	0.527704	0	-1111.22
8.87	0.934626	-0.542005	0	0.178994	-0.573956	0	-0.178995	0.573949	0	-0.934625	0.542012	0	-1131.5
8.88	0.964371	-0.555048	0	0.222971	-0.487678	0	-0.222973	0.487671	0	-0.964369	0.555055	0	-1156.48
8.89	0.985154	-0.565995	0	0.271384	-0.397897	0	-0.271387	0.39789	0	-0.985151	0.566002	0	-1183.03
8.9	0.996898	-0.573915	0	0.323255	-0.305372	0	-0.323259	0.305365	0	-0.996894	0.573922	0	-1204.61
8.91	0.999739	-0.577816	0	0.377162	-0.211393	0	-0.377167	0.211386	0	-0.999734	0.577823	0	-1212.58
8.92	0.994081	-0.576744	0	0.431674	-0.117915	0	-0.43168	0.117909	0	-0.994076	0.576749	0	-1202.85
8.93	0.980573	-0.56989	0	0.485878	-0.027148	0	-0.485884	0.0271428	0	-0.980566	0.569895	0	-1180.35
8.94	0.960014	-0.556665	0	0.539408	0.0590938	0	-0.539415	-0.0590981	0	-0.960007	0.55667	0	-1153.72
8.95	0.933254	-0.536692	0	0.592102	0.13965	0	-0.59211	-0.139653	0	-0.933247	0.536695	0	-1129.13
8.96	0.901115	-0.50976	0	0.643752	0.213875	0	-0.64376	-0.213878	0	-0.901107	0.509763	0	-1109.41
8.97	0.864358	-0.475776	0	0.694034	0.281432	0	-0.694042	-0.281433	0	-0.86435	0.475777	0	-1095.45
8.98	0.823682	-0.434713	0	0.742529	0.342137	0	-0.742537	-0.342137	0	-0.823673	0.434713	0	-1087.34
8.99	0.779722	-0.386591	0	0.78875	0.395886	0	-0.788759	-0.395885	0	-0.779713	0.38659	0	-1085.02
9	0.733059	-0.331455	0	0.832155	0.442612	0	-0.832164	-0.44261	0	-0.733051	0.331452	0	-1088.46
9.01	0.684227	-0.269378	0	0.872153	0.482276	0	-0.872162	-0.482272	0	-0.684218	0.269374	0	-1097.69
9.02	0.633701	-0.200475	0	0.908095	0.514865	0	-0.908104	-0.51486	0	-0.633692	0.20047	0	-1112.8
9.03	0.581882	-0.124953	0	0.939273	0.540416	0	-0.939282	-0.54041	0	-0.581874	0.124946	0	-1133.57
9.04	0.529071	-0.043194	0	0.964912	0.559043	0	-0.964919	-0.559035	0	-0.529064	0.0431862	0	-1158.86
9.05	0.47546	0.0440735	0	0.984179	0.570985	0	-0.984186	-0.570976	0	-0.475454	-0.0440825	0	-1185.29
9.06	0.421222	0.135566	0	0.996231	0.576657	0	-0.996237	-0.576647	0	-0.421216	-0.135576	0	-1206
9.07	0.366803	0.229355	0	1.00029	0.576694	0	-1.00029	-0.576683	0	-0.366799	-0.229366	0	-1212.42
9.08	0.313238	0.323226	0	0.995741	0.571941	0	-0.995745	-0.571929	0	-0.313235	-0.323237	0	-1201.24
9.09	0.262003	0.415336	0	0.982244	0.563367	0	-0.982246	-0.563355	0	-0.262001	-0.415348	0	-1178.02
9.1	0.214453	0.504521	0	0.959705	0.55196	0	-0.959705	-0.551948	0	-0.214453	-0.504534	0	-1151.38
9.11	0.171468	0.59009	0	0.928237	0.538634	0	-0.928236	-0.538622	0	-0.17147	-0.590102	0	-1127.15
9.12	0.133466	0.671547	0	0.888078	0.524196	0	-0.888075	-0.524184	0	-0.133469	-0.671559	0	-1107.93
9.13	0.100556	0.748445	0	0.83953	0.509345	0	-0.839525	-0.509333	0	-0.100561	-0.748457	0	-1094.49
9.14	0.0726764	0.820329	0	0.782923	0.494689	0	-0.782916	-0.494678	0	-0.0726831	-0.82034	0	-1086.91
9.15	0.0496673	0.886722	0	0.718589	0.480764	0	-0.718581	-0.480754	0	-0.0496757	-0.886732	0	-1085.11
9.16	0.0313108	0.947118	0	0.646859	0.468047	0	-0.646849	-0.468037	0	-0.0313209	-0.947127	0	-1089.06
9.17	0.0173415	1.00098	0	0.568063	0.456956	0	-0.568051	-0.456948	0	-0.0173532	-1.00099	0	-1098.82
9.18	0.00743983	1.04774	0	0.48254	0.447837	0	-0.482527	-0.44783	0	-0.00745302	-1.04775	0	-1114.45
9.19	0.00121233	1.08681	0	0.390675	0.440925	0	-0.39066	-0.44092	0	-0.00122688	-1.08681	0	-1135.69
9.2	-0.00183831	1.11755	0	0.292966	0.436266	0	-0.29295	-0.436263	0	0.00182258	-1.11756	0	-1161.26
9.21	-0.00234746	1.13939	0	0.19017	0.433636	0	-0.190153	-0.433634	0	0.00233082	-1.13939	0	-1187.52
9.22	-0.00111364	1.1518	0	0.0835413	0.432521	0	-0.0835241	-0.432521	0	0.00109641	-1.1518	0	-1207.27
9.23	0.0009115	1.15445	0	-0.0249638	0.432358	0	0.0249813	-0.432361	0	-0.000928932	-1.15445	0	-1212.11
9.24	0.00269149	1.14726	0	-0.132888	0.432986	0	0.132905	-0.432991	0	-0.00270873	-1.14726	0	-1199.52
9.25	0.00321694	1.13044	0	-0.237942	0.434803	0	0.237958	-0.43481	0	-0.0032336	-1.13043	0	-1175.66
9.26	0.00160264	1.10441	0	-0.338502	0.438397	0	0.338518	-0.438406	0	-0.00161833	-1.1044	0	-1149.05
9.27	-0.00287251	1.06975	0	-0.433579	0.444159	0	0.433593	-0.44417	0	0.00285811	-1.06974	0	-1125.21
9.28	-0.0107755	1.02705	0	-0.522559	0.452176	0	0.522571	-0.45219	0	0.0107626	-1.02704	0	-1106.49
9.29	-0.0225509	0.976944	0	-0.605008	0.462305	0	0.605019	-0.46232	0	0.0225399	-0.976929	0	-1093.57
9.3	-0.0385545	0.920004	0	-0.68057	0.474252	0	0.680579	-0.474269	0	0.0385456	-0.919987	0	-1086.51
9.31	-0.0590787	0.856786	0	-0.748911	0.487634	0	0.748918	-0.487653	0	0.059072	-0.856768	0	-1085.23
9.32	-0.0843666	0.787813	0	-0.809704	0.502005	0	0.809708	-0.502025	0	0.0843624	-0.787793	0	-1089.69
9.33	-0.114611	0.713576	0	-0.862616	0.516861	0	0.862617	-0.516882	0	0.11461	-0.713555	0	-1099.98
9.34	-0.149935	0.634541	0	-0.907315	0.531635	0	0.907313	-0.531657	0	0.149936	-0.634519	0	-1116.13
9.35	-0.190331	0.551156	0	-0.94348	0.545679	0	0.943476	-0.545702	0	0.190335	-0.551133	0	-1137.83
9.36	-0.235568	0.463881	0	-0.970835	0.558245	0	0.970827	-0.558268	0	0.235575	-0.463858	0	-1163.66
9.37	-0.28503	0.373273	0	-0.989189	0.568475	0	0.989179	-0.568498	0	0.28504	-0.37325	0	-1189.68
9.38	-0.3376	0.280202	0	-0.998517	0.575414	0	0.998504	-0.575436	0	0.337613	-0.28018	0	-1208.41
9.39	-0.391796	0.186143	0	-0.999024	0.578069	0	0.999008	-0.578089	0	0.391813	-0.186123	0	-1211.65
9.4	-0.446289	0.0931836	0	-0.991185	0.575514	0	0.991167	-0.575532	0	0.446308	-0.0931651	0	-1197.7
9.41	-0.500333	0.00348234	0	-0.975701	0.566997	0	0.97568	-0.567013	0	0.500355	-0.00346623	0	-1173.27
9.42	-0.553655	-0.0813195	0	-0.953394	0.551989	0	0.95337	-0.552002	0	0.553679	0.0813328	0	-1146.74
9.43	-0.606096	-0.160221	0	-0.92511	0.530161	0	0.925085	-0.530171	0	0.606121	0.160231	0	-1123.29
9.44	-0.657415	-0.232679	0	-0.891659	0.50134	0	0.891632	-0.501346	0	0.657442	0.232686	0	-1105.08
9.45	-0.707262	-0.298408	0	-0.853784	0.465454	0	0.853757	-0.465456	0	0.70729	0.298411	0	-1092.69
9.46	-0.755198	-0.357252	0	-0.812166	0.422491	0	0.812138	-0.42249	0	0.755226	0.357251	0	-1086.15
9.47	-0.800719	-0.409119	0	-0.767426	0.372479	0	0.767397	-0.372474	0	0.800748	0.409114	0	-1085.38
9.48	-0.84327	-0.45395	0	-0.720132	0.31547	0	0.720103	-0.31546	0	0.843299	0.453941	0	-1090.37
9.49	-0.882245	-0.491712	0	-0.670801	0.251544	0	0.670773	-0.25153	0	0.882273	0.491698	0	-1101.18
9.5	-0.916981	-0.522405	0	-0.619893	0.180838	0	0.619866	-0.180819	0	0.917008	0.522386	0	-1117.84
9.51	-0.94675	-0.54608	0	-0.567784	0.103591	0	0.567759	-0.103568	0	0.946776	0.546058	0	-1140
9.52	-0.97076	-0.562881	0	-0.514745	0.0202613	0	0.514722	-0.0202349	0	0.970784	0.562855	0	-1166.06
9.53	-0.988172	-0.573089	0	-0.460946	-0.0682954	0	0.460924	0.0683255	0	0.988193	0.573059	0	-1191.78
9.54	-0.998148	-0.577175	0	-0.406596	-0.160617	0	0.406578	0.16065	0	0.998166	0.577142	0	-1209.42
9.55	-0.999943	-0.575836	0	-0.35228	-0.254642	0	0.352266	0.254678	0	0.999957	0.5758	0	-1211.05
9.56	-0.993016	-0.569959	0	-0.299191	-0.348193	0	0.299181	0.348231	0	0.993026	0.569921	0	-1195.81
9.57	-0.97709	-0.56053	0	-0.248831	-0.439607	0	0.248826	0.439647	0	0.977094	0.56049	0	-1170.88
9.58	-0.952135	-0.548522	0	-0.202444	-0.527877	0	0.202444	0.527917	0	0.952134	0.548483	0	-1144.47
9.59	-0.918306	-0.534823	0	-0.160772	-0.612387	0	0.160779	0.612426	0	0.9183	0.534784	0	-1121.44
9.6	-0.875863	-0.52021	0	-0.124137	-0.692664	0	0.124149	0.692702	0	0.875851	0.520172	0	-1103.74
9.61	-0.825118	-0.505356	0	-0.0925904	-0.768261	0	0.0926077	0.768298	0	0.825101	0.505319	0	-1091.88
9.62	-0.766403	-0.490847	0	-0.0660381	-0.838718	0	0.0660611	0.838753	0	0.766381	0.490812	0	-1085.86
9.63	-0.700052	-0.477203	0	-0.0443025	-0.903552	0	0.044331	0.903584	0	0.700023	0.477171	0	-1085.6
9.64	-0.626392	-0.464885	0	-0.0271527	-0.962248	0	0.0271867	0.962277	0	0.626358	0.464856	0	-1091.1
9.65	-0.545756	-0.454295	0	-0.0143101	-1.01426	0	0.0143492	1.01429	0	0.545716	0.454269	0	-1102.44
9.66	-0.458489	-0.445753	0	-0.00543766	-1.05902	0	0.0054816	1.05904	0	0.458445	0.445732	0	-1119.63
9.67	-0.364999	-0.439452	0	-0.000117337	-1.09591	0	0.000165563	1.09592	0	0.364951	0.439436	0	-1142.23
9.68	-0.265834	-0.435375	0	0.00218189	-1.12432	0	-0.00213008	1.12433	0	0.265783	0.435364	0	-1168.48
9.69	-0.161859	-0.433212	0	0.00213764	-1.14367	0	-0.00208315	1.14367	0	0.161805	0.433207	0	-1193.84
9.7	-0.0545052	-0.4324	0	0.000592652	-1.15348	0	-0.000536586	1.15348	0	0.0544491	0.432403	0	-1210.31
9.71	0.0540918	-0.432441	0	-0.00146941	-1.15349	0	0.00152581	1.15348	0	-0.0541482	0.43245	0	-1210.31
9.72	0.161446	-0.433332	0	-0.0030078	-1.14368	0	0.00306324	1.14366	0	-0.161502	0.433349	0	-1193.84
9.73	0.265423	-0.435573	0	-0.00303898	-1.12433	0	0.00309219	1.12431	0	-0.265476	0.435596	0	-1168.48
9.74	0.364588	-0.439724	0	-0.000720432	-1.09593	0	0.000770226	1.0959	0	-0.364638	0.439755	0	-1142.23
9.75	0.458078	-0.446095	0	0.00462518	-1.05905	0	-0.00457984	1.05901	0	-0.458123	0.446132	0	-1119.63
9.76	0.545342	-0.454702	0	0.0135286	-1.01431	0	-0.0134886	1.01426	0	-0.545382	0.454746	0	-1102.44
9.77	0.625977	-0.465353	0	0.0264074	-0.96231	0	-0.0263736	0.96226	0	-0.626011	0.465403	0	-1091.11
9.78	0.699633	-0.477726	0	0.0435984	-0.903632	0	-0.0435715	0.903576	0	-0.69966	0.477782	0	-1085.6
9.79	0.76598	-0.49142	0	0.0653798	-0.83882	0	-0.0653604	0.838759	0	-0.766	0.491481	0	-1085.86
9.8	0.82469	-0.505973	0	0.0919822	-0.768387	0	-0.0919709	0.768322	0	-0.824701	0.506038	0	-1091.88
9.81	0.87543	-0.520866	0	0.123583	-0.692818	0	-0.12358	0.692748	0	-0.875433	0.520935	0	-1103.75
9.82	0.917869	-0.535512	0	0.160276	-0.612572	0	-0.160282	0.6125	0	-0.917862	0.535584	0	-1121.45
9.83	0.951694	-0.549237	0	0.202008	-0.528097	0	-0.202024	0.528023	0	-0.951678	0.549311	0	-1144.48
9.84	0.976646	-0.561265	0	0.248459	-0.439864	0	-0.248485	0.43979	0	-0.976621	0.561339	0	-1170.89
9.85	0.992573	-0.570708	0	0.298886	-0.348489	0	-0.298922	0.348416	0	-0.992537	0.570781	0	-1195.81
9.86	0.999502	-0.576594	0	0.352044	-0.254978	0	-0.352089	0.254909	0	-0.999457	0.576664	0	-1211.05
9.87	0.997712	-0.577936	0	0.40643	-0.160993	0	-0.406484	0.160929	0	-0.997657	0.578	0	-1209.42
9.88	0.987745	-0.573846	0	0.460849	-0.0687106	0	-0.460912	0.0686525	0	-0.987682	0.573904	0	-1191.78
9.89	0.970346	-0.56363	0	0.514716	0.0198084	0	-0.514786	-0.0198582	0	-0.970276	0.563679	0	-1166.06
9.9	0.946353	-0.546816	0	0.567818	0.103102	0	-0.567895	-0.103142	0	-0.946277	0.546856	0	-1140.01
9.91	0.916607	-0.523123	0	0.619986	0.180314	0	-0.620068	-0.180343	0	-0.916525	0.523153	0	-1117.85
9.92	0.881898	-0.492411	0	0.670949	0.250987	0	-0.671035	-0.251005	0	-0.881812	0.492428	0	-1101.18
9.93	0.842956	-0.454625	0	0.72033	0.31488	0	-0.720419	-0.314886	0	-0.842866	0.45463	0	-1090.37
9.94	0.800442	-0.409767	0	0.767669	0.37186	0	-0.76776	-0.371852	0	-0.80035	0.409759	0	-1085.38
9.95	0.754963	-0.357872	0	0.812449	0.421845	0	-0.812542	-0.421823	0	-0.754871	0.35785	0	-1086.15
9.96	0.707075	-0.298997	0	0.854102	0.464782	0	-0.854194	-0.464747	0	-0.706983	0.298962	0	-1092.7
9.97	0.657279	-0.233237	0	0.892007	0.500646	0	-0.892098	-0.500597	0	-0.657189	0.233188	0	-1105.08
9.98	0.606016	-0.160745	0	0.925484	0.529448	0	-0.925571	-0.529386	0	-0.605929	0.160683	0	-1123.3
9.99	0.553636	-0.0818093	0	0.953788	0.551262	0	-0.95387	-0.551185	0	-0.553554	0.0817331	0	-1146.74
10	0.500379	0.00302827	0	0.976112	0.56626	0	-0.976187	-0.566171	0	-0.500304	-0.00311719	0	-1173.27


