0 0 5
2 0 5
1 1.73205 5
0 0 5

0 0 4
1 0 4
0.5 0.866025 4
0 0 4

0 0 3
0.5 0 3
0.25 0.433013 3
0 0 3

0 0 2
0.25 0 2
0.125 0.216506 2
0 0 2

0 0 1
0.125 0 1
0.0625 0.108253 1
0 0 1

0 0 0
0.0625 0 0
0.03125 0.0541266 0
0 0 0

0.0625 0 0
0.125 0 0
0.09375 0.0541266 0
0.0625 0 0

0.03125 0.0541266 0
0.09375 0.0541266 0
0.0625 0.108253 0
0.03125 0.0541266 0

0.125 0 1
0.25 0 1
0.1875 0.108253 1
0.125 0 1

0.125 0 0
0.1875 0 0
0.15625 0.0541266 0
0.125 0 0

0.1875 0 0
0.25 0 0
0.21875 0.0541266 0
0.1875 0 0

0.15625 0.0541266 0
0.21875 0.0541266 0
0.1875 0.108253 0
0.15625 0.0541266 0

0.0625 0.108253 1
0.1875 0.108253 1
0.125 0.216506 1
0.0625 0.108253 1

0.0625 0.108253 0
0.125 0.108253 0
0.09375 0.16238 0
0.0625 0.108253 0

0.125 0.108253 0
0.1875 0.108253 0
0.15625 0.16238 0
0.125 0.108253 0

0.09375 0.16238 0
0.15625 0.16238 0
0.125 0.216506 0
0.09375 0.16238 0

0.25 0 2
0.5 0 2
0.375 0.216506 2
0.25 0 2

0.25 0 1
0.375 0 1
0.3125 0.108253 1
0.25 0 1

0.25 0 0
0.3125 0 0
0.28125 0.0541266 0
0.25 0 0

0.3125 0 0
0.375 0 0
0.34375 0.0541266 0
0.3125 0 0

0.28125 0.0541266 0
0.34375 0.0541266 0
0.3125 0.108253 0
0.28125 0.0541266 0

0.375 0 1
0.5 0 1
0.4375 0.108253 1
0.375 0 1

0.375 0 0
0.4375 0 0
0.40625 0.0541266 0
0.375 0 0

0.4375 0 0
0.5 0 0
0.46875 0.0541266 0
0.4375 0 0

0.40625 0.0541266 0
0.46875 0.0541266 0
0.4375 0.108253 0
0.40625 0.0541266 0

0.3125 0.108253 1
0.4375 0.108253 1
0.375 0.216506 1
0.3125 0.108253 1

0.3125 0.108253 0
0.375 0.108253 0
0.34375 0.16238 0
0.3125 0.108253 0

0.375 0.108253 0
0.4375 0.108253 0
0.40625 0.16238 0
0.375 0.108253 0

0.34375 0.16238 0
0.40625 0.16238 0
0.375 0.216506 0
0.34375 0.16238 0

0.125 0.216506 2
0.375 0.216506 2
0.25 0.433013 2
0.125 0.216506 2

0.125 0.216506 1
0.25 0.216506 1
0.1875 0.32476 1
0.125 0.216506 1

0.125 0.216506 0
0.1875 0.216506 0
0.15625 0.270633 0
0.125 0.216506 0

0.1875 0.216506 0
0.25 0.216506 0
0.21875 0.270633 0
0.1875 0.216506 0

0.15625 0.270633 0
0.21875 0.270633 0
0.1875 0.32476 0
0.15625 0.270633 0

0.25 0.216506 1
0.375 0.216506 1
0.3125 0.32476 1
0.25 0.216506 1

0.25 0.216506 0
0.3125 0.216506 0
0.28125 0.270633 0
0.25 0.216506 0

0.3125 0.216506 0
0.375 0.216506 0
0.34375 0.270633 0
0.3125 0.216506 0

0.28125 0.270633 0
0.34375 0.270633 0
0.3125 0.32476 0
0.28125 0.270633 0

0.1875 0.32476 1
0.3125 0.32476 1
0.25 0.433013 1
0.1875 0.32476 1

0.1875 0.32476 0
0.25 0.32476 0
0.21875 0.378886 0
0.1875 0.32476 0

0.25 0.32476 0
0.3125 0.32476 0
0.28125 0.378886 0
0.25 0.32476 0

0.21875 0.378886 0
0.28125 0.378886 0
0.25 0.433013 0
0.21875 0.378886 0

0.5 0 3
1 0 3
0.75 0.433013 3
0.5 0 3

0.5 0 2
0.75 0 2
0.625 0.216506 2
0.5 0 2

0.5 0 1
0.625 0 1
0.5625 0.108253 1
0.5 0 1

0.5 0 0
0.5625 0 0
0.53125 0.0541266 0
0.5 0 0

0.5625 0 0
0.625 0 0
0.59375 0.0541266 0
0.5625 0 0

0.53125 0.0541266 0
0.59375 0.0541266 0
0.5625 0.108253 0
0.53125 0.0541266 0

0.625 0 1
0.75 0 1
0.6875 0.108253 1
0.625 0 1

0.625 0 0
0.6875 0 0
0.65625 0.0541266 0
0.625 0 0

0.6875 0 0
0.75 0 0
0.71875 0.0541266 0
0.6875 0 0

0.65625 0.0541266 0
0.71875 0.0541266 0
0.6875 0.108253 0
0.65625 0.0541266 0

0.5625 0.108253 1
0.6875 0.108253 1
0.625 0.216506 1
0.5625 0.108253 1

0.5625 0.108253 0
0.625 0.108253 0
0.59375 0.16238 0
0.5625 0.108253 0

0.625 0.108253 0
0.6875 0.108253 0
0.65625 0.16238 0
0.625 0.108253 0

0.59375 0.16238 0
0.65625 0.16238 0
0.625 0.216506 0
0.59375 0.16238 0

0.75 0 2
1 0 2
0.875 0.216506 2
0.75 0 2

0.75 0 1
0.875 0 1
0.8125 0.108253 1
0.75 0 1

0.75 0 0
0.8125 0 0
0.78125 0.0541266 0
0.75 0 0

0.8125 0 0
0.875 0 0
0.84375 0.0541266 0
0.8125 0 0

0.78125 0.0541266 0
0.84375 0.0541266 0
0.8125 0.108253 0
0.78125 0.0541266 0

0.875 0 1
1 0 1
0.9375 0.108253 1
0.875 0 1

0.875 0 0
0.9375 0 0
0.90625 0.0541266 0
0.875 0 0

0.9375 0 0
1 0 0
0.96875 0.0541266 0
0.9375 0 0

0.90625 0.0541266 0
0.96875 0.0541266 0
0.9375 0.108253 0
0.90625 0.0541266 0

0.8125 0.108253 1
0.9375 0.108253 1
0.875 0.216506 1
0.8125 0.108253 1

0.8125 0.108253 0
0.875 0.108253 0
0.84375 0.16238 0
0.8125 0.108253 0

0.875 0.108253 0
0.9375 0.108253 0
0.90625 0.16238 0
0.875 0.108253 0

0.84375 0.16238 0
0.90625 0.16238 0
0.875 0.216506 0
0.84375 0.16238 0

0.625 0.216506 2
0.875 0.216506 2
0.75 0.433013 2
0.625 0.216506 2

0.625 0.216506 1
0.75 0.216506 1
0.6875 0.32476 1
0.625 0.216506 1

0.625 0.216506 0
0.6875 0.216506 0
0.65625 0.270633 0
0.625 0.216506 0

0.6875 0.216506 0
0.75 0.216506 0
0.71875 0.270633 0
0.6875 0.216506 0

0.65625 0.270633 0
0.71875 0.270633 0
0.6875 0.32476 0
0.65625 0.270633 0

0.75 0.216506 1
0.875 0.216506 1
0.8125 0.32476 1
0.75 0.216506 1

0.75 0.216506 0
0.8125 0.216506 0
0.78125 0.270633 0
0.75 0.216506 0

0.8125 0.216506 0
0.875 0.216506 0
0.84375 0.270633 0
0.8125 0.216506 0

0.78125 0.270633 0
0.84375 0.270633 0
0.8125 0.32476 0
0.78125 0.270633 0

0.6875 0.32476 1
0.8125 0.32476 1
0.75 0.433013 1
0.6875 0.32476 1

0.6875 0.32476 0
0.75 0.32476 0
0.71875 0.378886 0
0.6875 0.32476 0

0.75 0.32476 0
0.8125 0.32476 0
0.78125 0.378886 0
0.75 0.32476 0

0.71875 0.378886 0
0.78125 0.378886 0
0.75 0.433013 0
0.71875 0.378886 0

0.25 0.433013 3
0.75 0.433013 3
0.5 0.866025 3
0.25 0.433013 3

0.25 0.433013 2
0.5 0.433013 2
0.375 0.649519 2
0.25 0.433013 2

0.25 0.433013 1
0.375 0.433013 1
0.3125 0.541266 1
0.25 0.433013 1

0.25 0.433013 0
0.3125 0.433013 0
0.28125 0.487139 0
0.25 0.433013 0

0.3125 0.433013 0
0.375 0.433013 0
0.34375 0.487139 0
0.3125 0.433013 0

0.28125 0.487139 0
0.34375 0.487139 0
0.3125 0.541266 0
0.28125 0.487139 0

0.375 0.433013 1
0.5 0.433013 1
0.4375 0.541266 1
0.375 0.433013 1

0.375 0.433013 0
0.4375 0.433013 0
0.40625 0.487139 0
0.375 0.433013 0

0.4375 0.433013 0
0.5 0.433013 0
0.46875 0.487139 0
0.4375 0.433013 0

0.40625 0.487139 0
0.46875 0.487139 0
0.4375 0.541266 0
0.40625 0.487139 0

0.3125 0.541266 1
0.4375 0.541266 1
0.375 0.649519 1
0.3125 0.541266 1

0.3125 0.541266 0
0.375 0.541266 0
0.34375 0.595392 0
0.3125 0.541266 0

0.375 0.541266 0
0.4375 0.541266 0
0.40625 0.595392 0
0.375 0.541266 0

0.34375 0.595392 0
0.40625 0.595392 0
0.375 0.649519 0
0.34375 0.595392 0

0.5 0.433013 2
0.75 0.433013 2
0.625 0.649519 2
0.5 0.433013 2

0.5 0.433013 1
0.625 0.433013 1
0.5625 0.541266 1
0.5 0.433013 1

0.5 0.433013 0
0.5625 0.433013 0
0.53125 0.487139 0
0.5 0.433013 0

0.5625 0.433013 0
0.625 0.433013 0
0.59375 0.487139 0
0.5625 0.433013 0

0.53125 0.487139 0
0.59375 0.487139 0
0.5625 0.541266 0
0.53125 0.487139 0

0.625 0.433013 1
0.75 0.433013 1
0.6875 0.541266 1
0.625 0.433013 1

0.625 0.433013 0
0.6875 0.433013 0
0.65625 0.487139 0
0.625 0.433013 0

0.6875 0.433013 0
0.75 0.433013 0
0.71875 0.487139 0
0.6875 0.433013 0

0.65625 0.487139 0
0.71875 0.487139 0
0.6875 0.541266 0
0.65625 0.487139 0

0.5625 0.541266 1
0.6875 0.541266 1
0.625 0.649519 1
0.5625 0.541266 1

0.5625 0.541266 0
0.625 0.541266 0
0.59375 0.595392 0
0.5625 0.541266 0

0.625 0.541266 0
0.6875 0.541266 0
0.65625 0.595392 0
0.625 0.541266 0

0.59375 0.595392 0
0.65625 0.595392 0
0.625 0.649519 0
0.59375 0.595392 0

0.375 0.649519 2
0.625 0.649519 2
0.5 0.866025 2
0.375 0.649519 2

0.375 0.649519 1
0.5 0.649519 1
0.4375 0.757772 1
0.375 0.649519 1

0.375 0.649519 0
0.4375 0.649519 0
0.40625 0.703646 0
0.375 0.649519 0

0.4375 0.649519 0
0.5 0.649519 0
0.46875 0.703646 0
0.4375 0.649519 0

0.40625 0.703646 0
0.46875 0.703646 0
0.4375 0.757772 0
0.40625 0.703646 0

0.5 0.649519 1
0.625 0.649519 1
0.5625 0.757772 1
0.5 0.649519 1

0.5 0.649519 0
0.5625 0.649519 0
0.53125 0.703646 0
0.5 0.649519 0

0.5625 0.649519 0
0.625 0.649519 0
0.59375 0.703646 0
0.5625 0.649519 0

0.53125 0.703646 0
0.59375 0.703646 0
0.5625 0.757772 0
0.53125 0.703646 0

0.4375 0.757772 1
0.5625 0.757772 1
0.5 0.866025 1
0.4375 0.757772 1

0.4375 0.757772 0
0.5 0.757772 0
0.46875 0.811899 0
0.4375 0.757772 0

0.5 0.757772 0
0.5625 0.757772 0
0.53125 0.811899 0
0.5 0.757772 0

0.46875 0.811899 0
0.53125 0.811899 0
0.5 0.866025 0
0.46875 0.811899 0

1 0 4
2 0 4
1.5 0.866025 4
1 0 4

1 0 3
1.5 0 3
1.25 0.433013 3
1 0 3

1 0 2
1.25 0 2
1.125 0.216506 2
1 0 2

1 0 1
1.125 0 1
1.0625 0.108253 1
1 0 1

1 0 0
1.0625 0 0
1.03125 0.0541266 0
1 0 0

1.0625 0 0
1.125 0 0
1.09375 0.0541266 0
1.0625 0 0

1.03125 0.0541266 0
1.09375 0.0541266 0
1.0625 0.108253 0
1.03125 0.0541266 0

1.125 0 1
1.25 0 1
1.1875 0.108253 1
1.125 0 1

1.125 0 0
1.1875 0 0
1.15625 0.0541266 0
1.125 0 0

1.1875 0 0
1.25 0 0
1.21875 0.0541266 0
1.1875 0 0

1.15625 0.0541266 0
1.21875 0.0541266 0
1.1875 0.108253 0
1.15625 0.0541266 0

1.0625 0.108253 1
1.1875 0.108253 1
1.125 0.216506 1
1.0625 0.108253 1

1.0625 0.108253 0
1.125 0.108253 0
1.09375 0.16238 0
1.0625 0.108253 0

1.125 0.108253 0
1.1875 0.108253 0
1.15625 0.16238 0
1.125 0.108253 0

1.09375 0.16238 0
1.15625 0.16238 0
1.125 0.216506 0
1.09375 0.16238 0

1.25 0 2
1.5 0 2
1.375 0.216506 2
1.25 0 2

1.25 0 1
1.375 0 1
1.3125 0.108253 1
1.25 0 1

1.25 0 0
1.3125 0 0
1.28125 0.0541266 0
1.25 0 0

1.3125 0 0
1.375 0 0
1.34375 0.0541266 0
1.3125 0 0

1.28125 0.0541266 0
1.34375 0.0541266 0
1.3125 0.108253 0
1.28125 0.0541266 0

1.375 0 1
1.5 0 1
1.4375 0.108253 1
1.375 0 1

1.375 0 0
1.4375 0 0
1.40625 0.0541266 0
1.375 0 0

1.4375 0 0
1.5 0 0
1.46875 0.0541266 0
1.4375 0 0

1.40625 0.0541266 0
1.46875 0.0541266 0
1.4375 0.108253 0
1.40625 0.0541266 0

1.3125 0.108253 1
1.4375 0.108253 1
1.375 0.216506 1
1.3125 0.108253 1

1.3125 0.108253 0
1.375 0.108253 0
1.34375 0.16238 0
1.3125 0.108253 0

1.375 0.108253 0
1.4375 0.108253 0
1.40625 0.16238 0
1.375 0.108253 0

1.34375 0.16238 0
1.40625 0.16238 0
1.375 0.216506 0
1.34375 0.16238 0

1.125 0.216506 2
1.375 0.216506 2
1.25 0.433013 2
1.125 0.216506 2

1.125 0.216506 1
1.25 0.216506 1
1.1875 0.32476 1
1.125 0.216506 1

1.125 0.216506 0
1.1875 0.216506 0
1.15625 0.270633 0
1.125 0.216506 0

1.1875 0.216506 0
1.25 0.216506 0
1.21875 0.270633 0
1.1875 0.216506 0

1.15625 0.270633 0
1.21875 0.270633 0
1.1875 0.32476 0
1.15625 0.270633 0

1.25 0.216506 1
1.375 0.216506 1
1.3125 0.32476 1
1.25 0.216506 1

1.25 0.216506 0
1.3125 0.216506 0
1.28125 0.270633 0
1.25 0.216506 0

1.3125 0.216506 0
1.375 0.216506 0
1.34375 0.270633 0
1.3125 0.216506 0

1.28125 0.270633 0
1.34375 0.270633 0
1.3125 0.32476 0
1.28125 0.270633 0

1.1875 0.32476 1
1.3125 0.32476 1
1.25 0.433013 1
1.1875 0.32476 1

1.1875 0.32476 0
1.25 0.32476 0
1.21875 0.378886 0
1.1875 0.32476 0

1.25 0.32476 0
1.3125 0.32476 0
1.28125 0.378886 0
1.25 0.32476 0

1.21875 0.378886 0
1.28125 0.378886 0
1.25 0.433013 0
1.21875 0.378886 0

1.5 0 3
2 0 3
1.75 0.433013 3
1.5 0 3

1.5 0 2
1.75 0 2
1.625 0.216506 2
1.5 0 2

1.5 0 1
1.625 0 1
1.5625 0.108253 1
1.5 0 1

1.5 0 0
1.5625 0 0
1.53125 0.0541266 0
1.5 0 0

1.5625 0 0
1.625 0 0
1.59375 0.0541266 0
1.5625 0 0

1.53125 0.0541266 0
1.59375 0.0541266 0
1.5625 0.108253 0
1.53125 0.0541266 0

1.625 0 1
1.75 0 1
1.6875 0.108253 1
1.625 0 1

1.625 0 0
1.6875 0 0
1.65625 0.0541266 0
1.625 0 0

1.6875 0 0
1.75 0 0
1.71875 0.0541266 0
1.6875 0 0

1.65625 0.0541266 0
1.71875 0.0541266 0
1.6875 0.108253 0
1.65625 0.0541266 0

1.5625 0.108253 1
1.6875 0.108253 1
1.625 0.216506 1
1.5625 0.108253 1

1.5625 0.108253 0
1.625 0.108253 0
1.59375 0.16238 0
1.5625 0.108253 0

1.625 0.108253 0
1.6875 0.108253 0
1.65625 0.16238 0
1.625 0.108253 0

1.59375 0.16238 0
1.65625 0.16238 0
1.625 0.216506 0
1.59375 0.16238 0

1.75 0 2
2 0 2
1.875 0.216506 2
1.75 0 2

1.75 0 1
1.875 0 1
1.8125 0.108253 1
1.75 0 1

1.75 0 0
1.8125 0 0
1.78125 0.0541266 0
1.75 0 0

1.8125 0 0
1.875 0 0
1.84375 0.0541266 0
1.8125 0 0

1.78125 0.0541266 0
1.84375 0.0541266 0
1.8125 0.108253 0
1.78125 0.0541266 0

1.875 0 1
2 0 1
1.9375 0.108253 1
1.875 0 1

1.875 0 0
1.9375 0 0
1.90625 0.0541266 0
1.875 0 0

1.9375 0 0
2 0 0
1.96875 0.0541266 0
1.9375 0 0

1.90625 0.0541266 0
1.96875 0.0541266 0
1.9375 0.108253 0
1.90625 0.0541266 0

1.8125 0.108253 1
1.9375 0.108253 1
1.875 0.216506 1
1.8125 0.108253 1

1.8125 0.108253 0
1.875 0.108253 0
1.84375 0.16238 0
1.8125 0.108253 0

1.875 0.108253 0
1.9375 0.108253 0
1.90625 0.16238 0
1.875 0.108253 0

1.84375 0.16238 0
1.90625 0.16238 0
1.875 0.216506 0
1.84375 0.16238 0

1.625 0.216506 2
1.875 0.216506 2
1.75 0.433013 2
1.625 0.216506 2

1.625 0.216506 1
1.75 0.216506 1
1.6875 0.32476 1
1.625 0.216506 1

1.625 0.216506 0
1.6875 0.216506 0
1.65625 0.270633 0
1.625 0.216506 0

1.6875 0.216506 0
1.75 0.216506 0
1.71875 0.270633 0
1.6875 0.216506 0

1.65625 0.270633 0
1.71875 0.270633 0
1.6875 0.32476 0
1.65625 0.270633 0

1.75 0.216506 1
1.875 0.216506 1
1.8125 0.32476 1
1.75 0.216506 1

1.75 0.216506 0
1.8125 0.216506 0
1.78125 0.270633 0
1.75 0.216506 0

1.8125 0.216506 0
1.875 0.216506 0
1.84375 0.270633 0
1.8125 0.216506 0

1.78125 0.270633 0
1.84375 0.270633 0
1.8125 0.32476 0
1.78125 0.270633 0

1.6875 0.32476 1
1.8125 0.32476 1
1.75 0.433013 1
1.6875 0.32476 1

1.6875 0.32476 0
1.75 0.32476 0
1.71875 0.378886 0
1.6875 0.32476 0

1.75 0.32476 0
1.8125 0.32476 0
1.78125 0.378886 0
1.75 0.32476 0

1.71875 0.378886 0
1.78125 0.378886 0
1.75 0.433013 0
1.71875 0.378886 0

1.25 0.433013 3
1.75 0.433013 3
1.5 0.866025 3
1.25 0.433013 3

1.25 0.433013 2
1.5 0.433013 2
1.375 0.649519 2
1.25 0.433013 2

1.25 0.433013 1
1.375 0.433013 1
1.3125 0.541266 1
1.25 0.433013 1

1.25 0.433013 0
1.3125 0.433013 0
1.28125 0.487139 0
1.25 0.433013 0

1.3125 0.433013 0
1.375 0.433013 0
1.34375 0.487139 0
1.3125 0.433013 0

1.28125 0.487139 0
1.34375 0.487139 0
1.3125 0.541266 0
1.28125 0.487139 0

1.375 0.433013 1
1.5 0.433013 1
1.4375 0.541266 1
1.375 0.433013 1

1.375 0.433013 0
1.4375 0.433013 0
1.40625 0.487139 0
1.375 0.433013 0

1.4375 0.433013 0
1.5 0.433013 0
1.46875 0.487139 0
1.4375 0.433013 0

1.40625 0.487139 0
1.46875 0.487139 0
1.4375 0.541266 0
1.40625 0.487139 0

1.3125 0.541266 1
1.4375 0.541266 1
1.375 0.649519 1
1.3125 0.541266 1

1.3125 0.541266 0
1.375 0.541266 0
1.34375 0.595392 0
1.3125 0.541266 0

1.375 0.541266 0
1.4375 0.541266 0
1.40625 0.595392 0
1.375 0.541266 0

1.34375 0.595392 0
1.40625 0.595392 0
1.375 0.649519 0
1.34375 0.595392 0

1.5 0.433013 2
1.75 0.433013 2
1.625 0.649519 2
1.5 0.433013 2

1.5 0.433013 1
1.625 0.433013 1
1.5625 0.541266 1
1.5 0.433013 1

1.5 0.433013 0
1.5625 0.433013 0
1.53125 0.487139 0
1.5 0.433013 0

1.5625 0.433013 0
1.625 0.433013 0
1.59375 0.487139 0
1.5625 0.433013 0

1.53125 0.487139 0
1.59375 0.487139 0
1.5625 0.541266 0
1.53125 0.487139 0

1.625 0.433013 1
1.75 0.433013 1
1.6875 0.541266 1
1.625 0.433013 1

1.625 0.433013 0
1.6875 0.433013 0
1.65625 0.487139 0
1.625 0.433013 0

1.6875 0.433013 0
1.75 0.433013 0
1.71875 0.487139 0
1.6875 0.433013 0

1.65625 0.487139 0
1.71875 0.487139 0
1.6875 0.541266 0
1.65625 0.487139 0

1.5625 0.541266 1
1.6875 0.541266 1
1.625 0.649519 1
1.5625 0.541266 1

1.5625 0.541266 0
1.625 0.541266 0
1.59375 0.595392 0
1.5625 0.541266 0

1.625 0.541266 0
1.6875 0.541266 0
1.65625 0.595392 0
1.625 0.541266 0

1.59375 0.595392 0
1.65625 0.595392 0
1.625 0.649519 0
1.59375 0.595392 0

1.375 0.649519 2
1.625 0.649519 2
1.5 0.866025 2
1.375 0.649519 2

1.375 0.649519 1
1.5 0.649519 1
1.4375 0.757772 1
1.375 0.649519 1

1.375 0.649519 0
1.4375 0.649519 0
1.40625 0.703646 0
1.375 0.649519 0

1.4375 0.649519 0
1.5 0.649519 0
1.46875 0.703646 0
1.4375 0.649519 0

1.40625 0.703646 0
1.46875 0.703646 0
1.4375 0.757772 0
1.40625 0.703646 0

1.5 0.649519 1
1.625 0.649519 1
1.5625 0.757772 1
1.5 0.649519 1

1.5 0.649519 0
1.5625 0.649519 0
1.53125 0.703646 0
1.5 0.649519 0

1.5625 0.649519 0
1.625 0.649519 0
1.59375 0.703646 0
1.5625 0.649519 0

1.53125 0.703646 0
1.59375 0.703646 0
1.5625 0.757772 0
1.53125 0.703646 0

1.4375 0.757772 1
1.5625 0.757772 1
1.5 0.866025 1
1.4375 0.757772 1

1.4375 0.757772 0
1.5 0.757772 0
1.46875 0.811899 0
1.4375 0.757772 0

1.5 0.757772 0
1.5625 0.757772 0
1.53125 0.811899 0
1.5 0.757772 0

1.46875 0.811899 0
1.53125 0.811899 0
1.5 0.866025 0
1.46875 0.811899 0

0.5 0.866025 4
1.5 0.866025 4
1 1.73205 4
0.5 0.866025 4

0.5 0.866025 3
1 0.866025 3
0.75 1.29904 3
0.5 0.866025 3

0.5 0.866025 2
0.75 0.866025 2
0.625 1.08253 2
0.5 0.866025 2

0.5 0.866025 1
0.625 0.866025 1
0.5625 0.974279 1
0.5 0.866025 1

0.5 0.866025 0
0.5625 0.866025 0
0.53125 0.920152 0
0.5 0.866025 0

0.5625 0.866025 0
0.625 0.866025 0
0.59375 0.920152 0
0.5625 0.866025 0

0.53125 0.920152 0
0.59375 0.920152 0
0.5625 0.974279 0
0.53125 0.920152 0

0.625 0.866025 1
0.75 0.866025 1
0.6875 0.974279 1
0.625 0.866025 1

0.625 0.866025 0
0.6875 0.866025 0
0.65625 0.920152 0
0.625 0.866025 0

0.6875 0.866025 0
0.75 0.866025 0
0.71875 0.920152 0
0.6875 0.866025 0

0.65625 0.920152 0
0.71875 0.920152 0
0.6875 0.974279 0
0.65625 0.920152 0

0.5625 0.974279 1
0.6875 0.974279 1
0.625 1.08253 1
0.5625 0.974279 1

0.5625 0.974279 0
0.625 0.974279 0
0.59375 1.02841 0
0.5625 0.974279 0

0.625 0.974279 0
0.6875 0.974279 0
0.65625 1.02841 0
0.625 0.974279 0

0.59375 1.02841 0
0.65625 1.02841 0
0.625 1.08253 0
0.59375 1.02841 0

0.75 0.866025 2
1 0.866025 2
0.875 1.08253 2
0.75 0.866025 2

0.75 0.866025 1
0.875 0.866025 1
0.8125 0.974279 1
0.75 0.866025 1

0.75 0.866025 0
0.8125 0.866025 0
0.78125 0.920152 0
0.75 0.866025 0

0.8125 0.866025 0
0.875 0.866025 0
0.84375 0.920152 0
0.8125 0.866025 0

0.78125 0.920152 0
0.84375 0.920152 0
0.8125 0.974279 0
0.78125 0.920152 0

0.875 0.866025 1
1 0.866025 1
0.9375 0.974279 1
0.875 0.866025 1

0.875 0.866025 0
0.9375 0.866025 0
0.90625 0.920152 0
0.875 0.866025 0

0.9375 0.866025 0
1 0.866025 0
0.96875 0.920152 0
0.9375 0.866025 0

0.90625 0.920152 0
0.96875 0.920152 0
0.9375 0.974279 0
0.90625 0.920152 0

0.8125 0.974279 1
0.9375 0.974279 1
0.875 1.08253 1
0.8125 0.974279 1

0.8125 0.974279 0
0.875 0.974279 0
0.84375 1.02841 0
0.8125 0.974279 0

0.875 0.974279 0
0.9375 0.974279 0
0.90625 1.02841 0
0.875 0.974279 0

0.84375 1.02841 0
0.90625 1.02841 0
0.875 1.08253 0
0.84375 1.02841 0

0.625 1.08253 2
0.875 1.08253 2
0.75 1.29904 2
0.625 1.08253 2

0.625 1.08253 1
0.75 1.08253 1
0.6875 1.19078 1
0.625 1.08253 1

0.625 1.08253 0
0.6875 1.08253 0
0.65625 1.13666 0
0.625 1.08253 0

0.6875 1.08253 0
0.75 1.08253 0
0.71875 1.13666 0
0.6875 1.08253 0

0.65625 1.13666 0
0.71875 1.13666 0
0.6875 1.19078 0
0.65625 1.13666 0

0.75 1.08253 1
0.875 1.08253 1
0.8125 1.19078 1
0.75 1.08253 1

0.75 1.08253 0
0.8125 1.08253 0
0.78125 1.13666 0
0.75 1.08253 0

0.8125 1.08253 0
0.875 1.08253 0
0.84375 1.13666 0
0.8125 1.08253 0

0.78125 1.13666 0
0.84375 1.13666 0
0.8125 1.19078 0
0.78125 1.13666 0

0.6875 1.19078 1
0.8125 1.19078 1
0.75 1.29904 1
0.6875 1.19078 1

0.6875 1.19078 0
0.75 1.19078 0
0.71875 1.24491 0
0.6875 1.19078 0

0.75 1.19078 0
0.8125 1.19078 0
0.78125 1.24491 0
0.75 1.19078 0

0.71875 1.24491 0
0.78125 1.24491 0
0.75 1.29904 0
0.71875 1.24491 0

1 0.866025 3
1.5 0.866025 3
1.25 1.29904 3
1 0.866025 3

1 0.866025 2
1.25 0.866025 2
1.125 1.08253 2
1 0.866025 2

1 0.866025 1
1.125 0.866025 1
1.0625 0.974279 1
1 0.866025 1

1 0.866025 0
1.0625 0.866025 0
1.03125 0.920152 0
1 0.866025 0

1.0625 0.866025 0
1.125 0.866025 0
1.09375 0.920152 0
1.0625 0.866025 0

1.03125 0.920152 0
1.09375 0.920152 0
1.0625 0.974279 0
1.03125 0.920152 0

1.125 0.866025 1
1.25 0.866025 1
1.1875 0.974279 1
1.125 0.866025 1

1.125 0.866025 0
1.1875 0.866025 0
1.15625 0.920152 0
1.125 0.866025 0

1.1875 0.866025 0
1.25 0.866025 0
1.21875 0.920152 0
1.1875 0.866025 0

1.15625 0.920152 0
1.21875 0.920152 0
1.1875 0.974279 0
1.15625 0.920152 0

1.0625 0.974279 1
1.1875 0.974279 1
1.125 1.08253 1
1.0625 0.974279 1

1.0625 0.974279 0
1.125 0.974279 0
1.09375 1.02841 0
1.0625 0.974279 0

1.125 0.974279 0
1.1875 0.974279 0
1.15625 1.02841 0
1.125 0.974279 0

1.09375 1.02841 0
1.15625 1.02841 0
1.125 1.08253 0
1.09375 1.02841 0

1.25 0.866025 2
1.5 0.866025 2
1.375 1.08253 2
1.25 0.866025 2

1.25 0.866025 1
1.375 0.866025 1
1.3125 0.974279 1
1.25 0.866025 1

1.25 0.866025 0
1.3125 0.866025 0
1.28125 0.920152 0
1.25 0.866025 0

1.3125 0.866025 0
1.375 0.866025 0
1.34375 0.920152 0
1.3125 0.866025 0

1.28125 0.920152 0
1.34375 0.920152 0
1.3125 0.974279 0
1.28125 0.920152 0

1.375 0.866025 1
1.5 0.866025 1
1.4375 0.974279 1
1.375 0.866025 1

1.375 0.866025 0
1.4375 0.866025 0
1.40625 0.920152 0
1.375 0.866025 0

1.4375 0.866025 0
1.5 0.866025 0
1.46875 0.920152 0
1.4375 0.866025 0

1.40625 0.920152 0
1.46875 0.920152 0
1.4375 0.974279 0
1.40625 0.920152 0

1.3125 0.974279 1
1.4375 0.974279 1
1.375 1.08253 1
1.3125 0.974279 1

1.3125 0.974279 0
1.375 0.974279 0
1.34375 1.02841 0
1.3125 0.974279 0

1.375 0.974279 0
1.4375 0.974279 0
1.40625 1.02841 0
1.375 0.974279 0

1.34375 1.02841 0
1.40625 1.02841 0
1.375 1.08253 0
1.34375 1.02841 0

1.125 1.08253 2
1.375 1.08253 2
1.25 1.29904 2
1.125 1.08253 2

1.125 1.08253 1
1.25 1.08253 1
1.1875 1.19078 1
1.125 1.08253 1

1.125 1.08253 0
1.1875 1.08253 0
1.15625 1.13666 0
1.125 1.08253 0

1.1875 1.08253 0
1.25 1.08253 0
1.21875 1.13666 0
1.1875 1.08253 0

1.15625 1.13666 0
1.21875 1.13666 0
1.1875 1.19078 0
1.15625 1.13666 0

1.25 1.08253 1
1.375 1.08253 1
1.3125 1.19078 1
1.25 1.08253 1

1.25 1.08253 0
1.3125 1.08253 0
1.28125 1.13666 0
1.25 1.08253 0

1.3125 1.08253 0
1.375 1.08253 0
1.34375 1.13666 0
1.3125 1.08253 0

1.28125 1.13666 0
1.34375 1.13666 0
1.3125 1.19078 0
1.28125 1.13666 0

1.1875 1.19078 1
1.3125 1.19078 1
1.25 1.29904 1
1.1875 1.19078 1

1.1875 1.19078 0
1.25 1.19078 0
1.21875 1.24491 0
1.1875 1.19078 0

1.25 1.19078 0
1.3125 1.19078 0
1.28125 1.24491 0
1.25 1.19078 0

1.21875 1.24491 0
1.28125 1.24491 0
1.25 1.29904 0
1.21875 1.24491 0

0.75 1.29904 3
1.25 1.29904 3
1 1.73205 3
0.75 1.29904 3

0.75 1.29904 2
1 1.29904 2
0.875 1.51554 2
0.75 1.29904 2

0.75 1.29904 1
0.875 1.29904 1
0.8125 1.40729 1
0.75 1.29904 1

0.75 1.29904 0
0.8125 1.29904 0
0.78125 1.35316 0
0.75 1.29904 0

0.8125 1.29904 0
0.875 1.29904 0
0.84375 1.35316 0
0.8125 1.29904 0

0.78125 1.35316 0
0.84375 1.35316 0
0.8125 1.40729 0
0.78125 1.35316 0

0.875 1.29904 1
1 1.29904 1
0.9375 1.40729 1
0.875 1.29904 1

0.875 1.29904 0
0.9375 1.29904 0
0.90625 1.35316 0
0.875 1.29904 0

0.9375 1.29904 0
1 1.29904 0
0.96875 1.35316 0
0.9375 1.29904 0

0.90625 1.35316 0
0.96875 1.35316 0
0.9375 1.40729 0
0.90625 1.35316 0

0.8125 1.40729 1
0.9375 1.40729 1
0.875 1.51554 1
0.8125 1.40729 1

0.8125 1.40729 0
0.875 1.40729 0
0.84375 1.46142 0
0.8125 1.40729 0

0.875 1.40729 0
0.9375 1.40729 0
0.90625 1.46142 0
0.875 1.40729 0

0.84375 1.46142 0
0.90625 1.46142 0
0.875 1.51554 0
0.84375 1.46142 0

1 1.29904 2
1.25 1.29904 2
1.125 1.51554 2
1 1.29904 2

1 1.29904 1
1.125 1.29904 1
1.0625 1.40729 1
1 1.29904 1

1 1.29904 0
1.0625 1.29904 0
1.03125 1.35316 0
1 1.29904 0

1.0625 1.29904 0
1.125 1.29904 0
1.09375 1.35316 0
1.0625 1.29904 0

1.03125 1.35316 0
1.09375 1.35316 0
1.0625 1.40729 0
1.03125 1.35316 0

1.125 1.29904 1
1.25 1.29904 1
1.1875 1.40729 1
1.125 1.29904 1

1.125 1.29904 0
1.1875 1.29904 0
1.15625 1.35316 0
1.125 1.29904 0

1.1875 1.29904 0
1.25 1.29904 0
1.21875 1.35316 0
1.1875 1.29904 0

1.15625 1.35316 0
1.21875 1.35316 0
1.1875 1.40729 0
1.15625 1.35316 0

1.0625 1.40729 1
1.1875 1.40729 1
1.125 1.51554 1
1.0625 1.40729 1

1.0625 1.40729 0
1.125 1.40729 0
1.09375 1.46142 0
1.0625 1.40729 0

1.125 1.40729 0
1.1875 1.40729 0
1.15625 1.46142 0
1.125 1.40729 0

1.09375 1.46142 0
1.15625 1.46142 0
1.125 1.51554 0
1.09375 1.46142 0

0.875 1.51554 2
1.125 1.51554 2
1 1.73205 2
0.875 1.51554 2

0.875 1.51554 1
1 1.51554 1
0.9375 1.6238 1
0.875 1.51554 1

0.875 1.51554 0
0.9375 1.51554 0
0.90625 1.56967 0
0.875 1.51554 0

0.9375 1.51554 0
1 1.51554 0
0.96875 1.56967 0
0.9375 1.51554 0

0.90625 1.56967 0
0.96875 1.56967 0
0.9375 1.6238 0
0.90625 1.56967 0

1 1.51554 1
1.125 1.51554 1
1.0625 1.6238 1
1 1.51554 1

1 1.51554 0
1.0625 1.51554 0
1.03125 1.56967 0
1 1.51554 0

1.0625 1.51554 0
1.125 1.51554 0
1.09375 1.56967 0
1.0625 1.51554 0

1.03125 1.56967 0
1.09375 1.56967 0
1.0625 1.6238 0
1.03125 1.56967 0

0.9375 1.6238 1
1.0625 1.6238 1
1 1.73205 1
0.9375 1.6238 1

0.9375 1.6238 0
1 1.6238 0
0.96875 1.67792 0
0.9375 1.6238 0

1 1.6238 0
1.0625 1.6238 0
1.03125 1.67792 0
1 1.6238 0

0.96875 1.67792 0
1.03125 1.67792 0
1 1.73205 0
0.96875 1.67792 0

