        -1.5 -6.66133815e-16
       -1.47 -0.0532212042
       -1.44 -0.104810562
       -1.41 -0.154805755
       -1.38 -0.203243298
       -1.35 -0.250158571
       -1.32 -0.295585839
       -1.29 -0.339558284
       -1.26 -0.382108021
       -1.23 -0.423266129
        -1.2  -0.46306267
       -1.17 -0.501526711
       -1.14 -0.538686346
       -1.11 -0.574568716
       -1.08 -0.609200029
       -1.05  -0.64260558
       -1.02 -0.674809768
       -0.99 -0.705836116
       -0.96 -0.735707283
       -0.93 -0.764445088
        -0.9 -0.792070522
       -0.87 -0.818603761
       -0.84 -0.844064185
       -0.81 -0.868470391
       -0.78 -0.891840204
       -0.75 -0.914190694
       -0.72 -0.935538186
       -0.69  -0.95589827
       -0.66  -0.97528582
       -0.63 -0.993714994
        -0.6  -1.01119925
       -0.57  -1.02775137
       -0.54  -1.04338343
       -0.51  -1.05810686
       -0.48   -1.0719324
       -0.45  -1.08487015
       -0.42  -1.09692957
       -0.39  -1.10811947
       -0.36  -1.11844801
       -0.33  -1.12792274
        -0.3  -1.13655058
       -0.27  -1.14433783
       -0.24  -1.15129018
       -0.21  -1.15741271
       -0.18  -1.16270989
       -0.15  -1.16718559
       -0.12  -1.17084307
       -0.09  -1.17368502
       -0.06   -1.1757135
       -0.03  -1.17692999
1.08246745e-15  -1.17733539
        0.03  -1.17692999
        0.06   -1.1757135
        0.09  -1.17368502
        0.12  -1.17084307
        0.15  -1.16718559
        0.18  -1.16270989
        0.21  -1.15741271
        0.24  -1.15129018
        0.27  -1.14433783
         0.3  -1.13655058
        0.33  -1.12792274
        0.36  -1.11844801
        0.39  -1.10811947
        0.42  -1.09692957
        0.45  -1.08487015
        0.48   -1.0719324
        0.51  -1.05810686
        0.54  -1.04338343
        0.57  -1.02775137
         0.6  -1.01119925
        0.63 -0.993714994
        0.66  -0.97528582
        0.69  -0.95589827
        0.72 -0.935538186
        0.75 -0.914190694
        0.78 -0.891840204
        0.81 -0.868470391
        0.84 -0.844064185
        0.87 -0.818603761
         0.9 -0.792070522
        0.93 -0.764445088
        0.96 -0.735707283
        0.99 -0.705836116
        1.02 -0.674809768
        1.05  -0.64260558
        1.08 -0.609200029
        1.11 -0.574568716
        1.14 -0.538686346
        1.17 -0.501526711
         1.2  -0.46306267
        1.23 -0.423266129
        1.26 -0.382108021
        1.29 -0.339558284
        1.32 -0.295585839
        1.35 -0.250158571
        1.38 -0.203243298
        1.41 -0.154805755
        1.44 -0.104810562
        1.47 -0.0532212042
         1.5 3.33066907e-15

        -1.5            0
       -1.47 -0.0901722191
       -1.44 -0.176910109
       -1.41 -0.260330967
       -1.38 -0.340547606
       -1.35 -0.417668504
       -1.32 -0.491797953
       -1.29   -0.5630362
       -1.26 -0.631479582
       -1.23 -0.697220656
        -1.2 -0.760348326
       -1.17 -0.820947961
       -1.14 -0.879101511
       -1.11 -0.934887618
       -1.08 -0.988381722
       -1.05  -1.03965617
       -1.02  -1.08878029
       -0.99  -1.13582052
       -0.96  -1.18084048
       -0.93  -1.22390104
        -0.9  -1.26506044
       -0.87  -1.30437433
       -0.84  -1.34189589
       -0.81  -1.37767585
       -0.78   -1.4117626
       -0.75  -1.44420224
       -0.72  -1.47503864
       -0.69  -1.50431349
       -0.66  -1.53206638
       -0.63  -1.55833485
        -0.6  -1.58315442
       -0.57  -1.60655865
       -0.54  -1.62857919
       -0.51  -1.64924583
       -0.48  -1.66858651
       -0.45  -1.68662738
       -0.42  -1.70339284
       -0.39  -1.71890557
       -0.36  -1.73318654
       -0.33  -1.74625506
        -0.3  -1.75812881
       -0.27  -1.76882385
       -0.24  -1.77835464
       -0.21  -1.78673406
       -0.18  -1.79397344
       -0.15  -1.80008259
       -0.12  -1.80506976
       -0.09  -1.80894169
       -0.06  -1.81170362
       -0.03  -1.81335929
1.08246745e-15  -1.81391093
        0.03  -1.81335929
        0.06  -1.81170362
        0.09  -1.80894169
        0.12  -1.80506976
        0.15  -1.80008259
        0.18  -1.79397344
        0.21  -1.78673406
        0.24  -1.77835464
        0.27  -1.76882385
         0.3  -1.75812881
        0.33  -1.74625506
        0.36  -1.73318654
        0.39  -1.71890557
        0.42  -1.70339284
        0.45  -1.68662738
        0.48  -1.66858651
        0.51  -1.64924583
        0.54  -1.62857919
        0.57  -1.60655865
         0.6  -1.58315442
        0.63  -1.55833485
        0.66  -1.53206638
        0.69  -1.50431349
        0.72  -1.47503864
        0.75  -1.44420224
        0.78   -1.4117626
        0.81  -1.37767585
        0.84  -1.34189589
        0.87  -1.30437433
         0.9  -1.26506044
        0.93  -1.22390104
        0.96  -1.18084048
        0.99  -1.13582052
        1.02  -1.08878029
        1.05  -1.03965617
        1.08 -0.988381722
        1.11 -0.934887618
        1.14 -0.879101511
        1.17 -0.820947961
         1.2 -0.760348326
        1.23 -0.697220656
        1.26 -0.631479582
        1.29   -0.5630362
        1.32 -0.491797953
        1.35 -0.417668504
        1.38 -0.340547606
        1.41 -0.260330967
        1.44 -0.176910109
        1.47 -0.0901722191
         1.5 5.77315973e-15

        -1.5            0
       -1.47 -0.127761503
       -1.44 -0.249927459
       -1.41 -0.366729568
       -1.38 -0.478389355
       -1.35 -0.585118591
       -1.32 -0.687119699
       -1.29 -0.784586132
       -1.26 -0.877702744
       -1.23 -0.966646138
        -1.2    -1.051585
       -1.17  -1.13268044
       -1.14  -1.21008624
       -1.11  -1.28394921
       -1.08  -1.35440946
       -1.05   -1.4216006
       -1.02  -1.48565007
       -0.99  -1.54667935
       -0.96  -1.60480418
       -0.93  -1.66013481
        -0.9  -1.71277617
       -0.87  -1.76282811
       -0.84  -1.81038554
       -0.81  -1.85553867
       -0.78  -1.89837313
       -0.75  -1.93897017
       -0.72  -1.97740677
       -0.69  -2.01375584
       -0.66  -2.04808632
       -0.63  -2.08046331
        -0.6  -2.11094823
       -0.57  -2.13959888
       -0.54  -2.16646962
       -0.51  -2.19161139
       -0.48  -2.21507189
       -0.45  -2.23689561
       -0.42  -2.25712394
       -0.39  -2.27579524
       -0.36  -2.29294493
       -0.33  -2.30860553
        -0.3  -2.32280675
       -0.27  -2.33557551
       -0.24  -2.34693604
       -0.21  -2.35690988
       -0.18  -2.36551594
       -0.15  -2.37277056
       -0.12  -2.37868749
       -0.09  -2.38327794
       -0.06  -2.38655063
       -0.03  -2.38851177
1.08246745e-15  -2.38916507
        0.03  -2.38851177
        0.06  -2.38655063
        0.09  -2.38327794
        0.12  -2.37868749
        0.15  -2.37277056
        0.18  -2.36551594
        0.21  -2.35690988
        0.24  -2.34693604
        0.27  -2.33557551
         0.3  -2.32280675
        0.33  -2.30860553
        0.36  -2.29294493
        0.39  -2.27579524
        0.42  -2.25712394
        0.45  -2.23689561
        0.48  -2.21507189
        0.51  -2.19161139
        0.54  -2.16646962
        0.57  -2.13959888
         0.6  -2.11094823
        0.63  -2.08046331
        0.66  -2.04808632
        0.69  -2.01375584
        0.72  -1.97740677
        0.75  -1.93897017
        0.78  -1.89837313
        0.81  -1.85553867
        0.84  -1.81038554
        0.87  -1.76282811
         0.9  -1.71277617
        0.93  -1.66013481
        0.96  -1.60480418
        0.99  -1.54667935
        1.02  -1.48565007
        1.05   -1.4216006
        1.08  -1.35440946
        1.11  -1.28394921
        1.14  -1.21008624
        1.17  -1.13268044
         1.2    -1.051585
        1.23 -0.966646138
        1.26 -0.877702744
        1.29 -0.784586132
        1.32 -0.687119699
        1.35 -0.585118591
        1.38 -0.478389355
        1.41 -0.366729568
        1.44 -0.249927459
        1.47 -0.127761503
         1.5 9.32587341e-15

        -1.5            0
       -1.47 -0.166643251
       -1.44 -0.325218373
       -1.41 -0.476103116
       -1.38 -0.619656906
       -1.35 -0.756221709
       -1.32 -0.886122839
       -1.29  -1.00966974
       -1.26  -1.12715672
       -1.23  -1.23886364
        -1.2  -1.34505661
       -1.17  -1.44598859
       -1.14  -1.54190002
       -1.11  -1.63301936
       -1.08  -1.71956369
       -1.05  -1.80173916
       -1.02  -1.87974152
       -0.99  -1.95375658
       -0.96  -2.02396066
       -0.93  -2.09052099
        -0.9  -2.15359614
       -0.87  -2.21333635
       -0.84  -2.26988393
       -0.81  -2.32337359
       -0.78  -2.37393274
       -0.75  -2.42168183
       -0.72   -2.4667346
       -0.69  -2.50919837
       -0.66   -2.5491743
       -0.63  -2.58675761
        -0.6  -2.62203783
       -0.57  -2.65509901
       -0.54   -2.6860199
       -0.51  -2.71487415
       -0.48  -2.74173052
       -0.45  -2.76665296
       -0.42  -2.78970085
       -0.39  -2.81092908
       -0.36  -2.83038824
       -0.33  -2.84812468
        -0.3  -2.86418063
       -0.27  -2.87859436
       -0.24   -2.8914002
       -0.21  -2.90262865
       -0.18  -2.91230646
       -0.15  -2.92045668
       -0.12  -2.92709873
       -0.09  -2.93224844
       -0.06  -2.93591806
       -0.03  -2.93811634
1.08246745e-15  -2.93884852
        0.03  -2.93811634
        0.06  -2.93591806
        0.09  -2.93224844
        0.12  -2.92709873
        0.15  -2.92045668
        0.18  -2.91230646
        0.21  -2.90262865
        0.24   -2.8914002
        0.27  -2.87859436
         0.3  -2.86418063
        0.33  -2.84812468
        0.36  -2.83038824
        0.39  -2.81092908
        0.42  -2.78970085
        0.45  -2.76665296
        0.48  -2.74173052
        0.51  -2.71487415
        0.54   -2.6860199
        0.57  -2.65509901
         0.6  -2.62203783
        0.63  -2.58675761
        0.66   -2.5491743
        0.69  -2.50919837
        0.72   -2.4667346
        0.75  -2.42168183
        0.78  -2.37393274
        0.81  -2.32337359
        0.84  -2.26988393
        0.87  -2.21333635
         0.9  -2.15359614
        0.93  -2.09052099
        0.96  -2.02396066
        0.99  -1.95375658
        1.02  -1.87974152
        1.05  -1.80173916
        1.08  -1.71956369
        1.11  -1.63301936
        1.14  -1.54190002
        1.17  -1.44598859
         1.2  -1.34505661
        1.23  -1.23886364
        1.26  -1.12715672
        1.29  -1.00966974
        1.32 -0.886122839
        1.35 -0.756221709
        1.38 -0.619656906
        1.41 -0.476103116
        1.44 -0.325218373
        1.47 -0.166643251
         1.5 1.19904087e-14

