#t 	 x1 	 y1 	 z1 	 x2 	 y2 	 z2 	 z1 	 z2 	 x3 	 y3 	 z3 	 x4 	 y4 	 z4 
0	-1	-0.577385	0	-0.372448	-0.219556	0	0.372448	0.219556	0	1	0.577385	0
0.02	-0.793627	-0.451561	0	-0.224601	-0.381791	0	0.224601	0.381791	0	0.793627	0.451561	0
0.04	-0.379078	-0.199728	0	-0.0344926	-0.505454	0	0.0344926	0.505454	0	0.379078	0.199728	0
0.06	0.0605958	0.0695012	0	0.161477	-0.60304	0	-0.161477	0.60304	0	-0.0605958	-0.0695012	0
0.08	0.498428	0.335894	0	0.3449	-0.656285	0	-0.3449	0.656285	0	-0.498428	-0.335894	0
0.1	0.875043	0.559395	0	0.482864	-0.623442	0	-0.482864	0.623442	0	-0.875043	-0.559395	0
0.12	0.949011	0.598542	0	0.523017	-0.48236	0	-0.523017	0.48236	0	-0.949011	-0.598542	0
0.14	0.643116	0.416228	0	0.459287	-0.276188	0	-0.459287	0.276188	0	-0.643116	-0.416228	0
0.16	0.214179	0.164688	0	0.350914	-0.0545321	0	-0.350914	0.0545321	0	-0.214179	-0.164688	0
0.18	-0.223882	-0.0916013	0	0.234264	0.168139	0	-0.234264	-0.168139	0	0.223882	0.0916013	0
0.2	-0.654877	-0.343869	0	0.113909	0.387935	0	-0.113909	-0.387935	0	0.654877	0.343869	0
0.22	-0.977938	-0.53228	0	-0.0222298	0.582838	0	0.0222298	-0.582838	0	0.977938	0.53228	0
0.24	-0.934076	-0.502785	0	-0.183553	0.69458	0	0.183553	-0.69458	0	0.934076	0.502785	0
0.26	-0.567026	-0.283301	0	-0.335982	0.688793	0	0.335982	-0.688793	0	0.567026	0.283301	0
0.28	-0.123606	-0.0227708	0	-0.443288	0.583888	0	0.443288	-0.583888	0	0.123606	0.0227708	0
0.3	0.324937	0.237953	0	-0.501055	0.413115	0	0.501055	-0.413115	0	-0.324937	-0.237953	0
0.32	0.74913	0.486038	0	-0.513104	0.208536	0	0.513104	-0.208536	0	-0.74913	-0.486038	0
0.34	0.975666	0.620682	0	-0.459794	0.00123088	0	0.459794	-0.00123088	0	-0.975666	-0.620682	0
0.36	0.790673	0.506871	0	-0.321567	-0.178276	0	0.321567	0.178276	0	-0.790673	-0.506871	0
0.38	0.385718	0.254497	0	-0.139166	-0.332961	0	0.139166	0.332961	0	-0.385718	-0.254497	0
0.4	-0.0476411	-0.0178303	0	0.0513332	-0.47713	0	-0.0513332	0.47713	0	0.0476411	0.0178303	0
0.42	-0.479939	-0.289284	0	0.239363	-0.603517	0	-0.239363	0.603517	0	0.479939	0.289284	0
0.44	-0.862566	-0.527459	0	0.404839	-0.671407	0	-0.404839	0.671407	0	0.862566	0.527459	0
0.46	-0.965768	-0.595287	0	0.495224	-0.619651	0	-0.495224	0.619651	0	0.965768	0.595287	0
0.48	-0.675364	-0.431694	0	0.477693	-0.452948	0	-0.477693	0.452948	0	0.675364	0.431694	0
0.5	-0.242407	-0.187252	0	0.39833	-0.238395	0	-0.39833	0.238395	0	0.242407	0.187252	0
0.52	0.20266	0.063449	0	0.302778	-0.0145409	0	-0.302778	0.0145409	0	-0.20266	-0.063449	0
0.54	0.641892	0.311712	0	0.202534	0.209169	0	-0.202534	-0.209169	0	-0.641892	-0.311712	0
0.56	0.983146	0.508786	0	0.0869112	0.420792	0	-0.0869112	-0.420792	0	-0.983146	-0.508786	0
0.58	0.961736	0.505968	0	-0.0637296	0.58402	0	0.0637296	-0.58402	0	-0.961736	-0.505968	0
0.6	0.595445	0.306876	0	-0.23173	0.670165	0	0.23173	-0.670165	0	-0.595445	-0.306876	0
0.62	0.143475	0.0576459	0	-0.377285	0.673502	0	0.377285	-0.673502	0	-0.143475	-0.0576459	0
0.64	-0.313943	-0.193839	0	-0.474199	0.59009	0	0.474199	-0.59009	0	0.313943	0.193839	0
0.66	-0.749279	-0.435311	0	-0.509241	0.432963	0	0.509241	-0.432963	0	0.749279	0.435311	0
0.68	-0.998251	-0.582535	0	-0.468265	0.234105	0	0.468265	-0.234105	0	0.998251	0.582535	0
0.7	-0.830399	-0.503927	0	-0.345441	0.031062	0	0.345441	-0.031062	0	0.830399	0.503927	0
0.72	-0.419932	-0.286467	0	-0.181855	-0.162093	0	0.181855	0.162093	0	0.419932	0.286467	0
0.74	0.0251745	-0.0470355	0	-0.0111513	-0.35085	0	0.0111513	0.35085	0	-0.0251745	0.0470355	0
0.76	0.470041	0.192738	0	0.159352	-0.533276	0	-0.159352	0.533276	0	-0.470041	-0.192738	0
0.78	0.875442	0.414038	0	0.318612	-0.679791	0	-0.318612	0.679791	0	-0.875442	-0.414038	0
0.8	1.02229	0.512282	0	0.423586	-0.715921	0	-0.423586	0.715921	0	-1.02229	-0.512282	0
0.82	0.747443	0.406467	0	0.429634	-0.6012	0	-0.429634	0.6012	0	-0.747443	-0.406467	0
0.84	0.295896	0.213149	0	0.366589	-0.399127	0	-0.366589	0.399127	0	-0.295896	-0.213149	0
0.86	-0.173071	0.0105495	0	0.281887	-0.173537	0	-0.281887	0.173537	0	0.173071	-0.0105495	0
0.88	-0.638002	-0.191626	0	0.192251	0.0550339	0	-0.192251	-0.0550339	0	0.638002	0.191626	0
0.9	-1.02066	-0.366724	0	0.0930641	0.279766	0	-0.0930641	-0.279766	0	1.02066	0.366724	0
0.92	-1.04671	-0.407292	0	-0.0298858	0.48118	0	0.0298858	-0.48118	0	1.04671	0.407292	0
0.94	-0.676349	-0.286227	0	-0.168405	0.634258	0	0.168405	-0.634258	0	0.676349	0.286227	0
0.96	-0.191503	-0.113297	0	-0.294421	0.719313	0	0.294421	-0.719313	0	0.191503	0.113297	0
0.98	0.301062	0.0657547	0	-0.381441	0.708688	0	0.381441	-0.708688	0	-0.301062	-0.0657547	0
1	0.774255	0.244638	0	-0.409741	0.594213	0	0.409741	-0.594213	0	-0.774255	-0.244638	0
1.02	1.07822	0.380757	0	-0.36857	0.403828	0	0.36857	-0.403828	0	-1.07822	-0.380757	0
1.04	0.948749	0.37698	0	-0.260752	0.179883	0	0.260752	-0.179883	0	-0.948749	-0.37698	0
1.06	0.522202	0.263171	0	-0.121333	-0.048416	0	0.121333	0.048416	0	-0.522202	-0.263171	0
1.08	0.044026	0.12638	0	0.0232297	-0.275365	0	-0.0232297	0.275365	0	-0.044026	-0.12638	0
1.1	-0.435096	-0.0118844	0	0.167223	-0.49884	0	-0.167223	0.49884	0	0.435096	0.0118844	0
1.12	-0.884928	-0.150085	0	0.297629	-0.693187	0	-0.297629	0.693187	0	0.884928	0.150085	0
1.14	-1.10463	-0.259254	0	0.363161	-0.778186	0	-0.363161	0.778186	0	1.10463	0.259254	0
1.16	-0.87043	-0.281628	0	0.319602	-0.689659	0	-0.319602	0.689659	0	0.87043	0.281628	0
1.18	-0.401836	-0.241323	0	0.21327	-0.48987	0	-0.21327	0.48987	0	0.401836	0.241323	0
1.2	0.0967177	-0.186987	0	0.0935457	-0.259468	0	-0.0935457	0.259468	0	-0.0967177	0.186987	0
1.22	0.593359	-0.130316	0	-0.0275912	-0.0252935	0	0.0275912	0.0252935	0	-0.593359	0.130316	0
1.24	1.02948	-0.0643105	0	-0.146299	0.208292	0	0.146299	-0.208292	0	-1.02948	0.0643105	0
1.26	1.1415	0.0218475	0	-0.240043	0.429885	0	0.240043	-0.429885	0	-1.1415	-0.0218475	0
1.28	0.801451	0.112786	0	-0.281002	0.612294	0	0.281002	-0.612294	0	-0.801451	-0.112786	0
1.3	0.292442	0.195012	0	-0.276168	0.725369	0	0.276168	-0.725369	0	-0.292442	-0.195012	0
1.32	-0.232563	0.266378	0	-0.233971	0.739531	0	0.233971	-0.739531	0	0.232563	-0.266378	0
1.34	-0.737741	0.311053	0	-0.153991	0.647168	0	0.153991	-0.647168	0	0.737741	-0.311053	0
1.36	-1.08949	0.281196	0	-0.0351568	0.471894	0	0.0351568	-0.471894	0	1.08949	-0.281196	0
1.38	-1.03021	0.138999	0	0.105644	0.250884	0	-0.105644	-0.250884	0	1.03021	-0.138999	0
1.4	-0.647397	-0.0514404	0	0.238128	0.0171633	0	-0.238128	-0.0171633	0	0.647397	0.0514404	0
1.42	-0.188621	-0.24149	0	0.360144	-0.21761	0	-0.360144	0.21761	0	0.188621	0.24149	0
1.44	0.274283	-0.426376	0	0.470258	-0.444319	0	-0.470258	0.444319	0	-0.274283	0.426376	0
1.46	0.695795	-0.564651	0	0.523289	-0.61238	0	-0.523289	0.61238	0	-0.695795	0.564651	0
1.48	0.897878	-0.518166	0	0.424289	-0.620887	0	-0.424289	0.620887	0	-0.897878	0.518166	0
1.5	0.773952	-0.254092	0	0.180857	-0.477771	0	-0.180857	0.477771	0	-0.773952	0.254092	0
1.52	0.501464	0.0779622	0	-0.101977	-0.28816	0	0.101977	0.28816	0	-0.501464	-0.0779622	0
1.54	0.200368	0.409245	0	-0.383187	-0.091782	0	0.383187	0.091782	0	-0.200368	-0.409245	0
1.56	-0.108351	0.72151	0	-0.650263	0.107602	0	0.650263	-0.107602	0	0.108351	-0.72151	0
1.58	-0.380867	0.922544	0	-0.836579	0.276816	0	0.836579	-0.276816	0	0.380867	-0.922544	0
1.6	-0.478959	0.821135	0	-0.796536	0.319329	0	0.796536	-0.319329	0	0.478959	-0.821135	0
1.62	-0.389312	0.463272	0	-0.542038	0.232484	0	0.542038	-0.232484	0	0.389312	-0.463272	0
1.64	-0.243074	0.0444786	0	-0.223498	0.108204	0	0.223498	-0.108204	0	0.243074	-0.0444786	0
1.66	-0.0920081	-0.377134	0	0.100245	-0.0187374	0	-0.100245	0.0187374	0	0.0920081	0.377134	0
1.68	0.0597621	-0.784505	0	0.422614	-0.144691	0	-0.422614	0.144691	0	-0.0597621	0.784505	0
1.7	0.18977	-1.05336	0	0.715135	-0.248174	0	-0.715135	0.248174	0	-0.18977	1.05336	0
1.72	0.219683	-0.944302	0	0.86565	-0.25902	0	-0.86565	0.25902	0	-0.219683	0.944302	0
1.74	0.143309	-0.538536	0	0.793803	-0.159888	0	-0.793803	0.159888	0	-0.143309	0.538536	0
1.76	0.0348615	-0.0684704	0	0.585352	-0.0190438	0	-0.585352	0.0190438	0	-0.0348615	0.0684704	0
1.78	-0.0761633	0.404206	0	0.336908	0.125514	0	-0.336908	-0.125514	0	0.0761633	-0.404206	0
1.8	-0.18354	0.855487	0	0.0810774	0.266057	0	-0.0810774	-0.266057	0	0.18354	-0.855487	0
1.82	-0.250281	1.1119	0	-0.171954	0.377625	0	0.171954	-0.377625	0	0.250281	-1.1119	0
1.84	-0.211775	0.92224	0	-0.398201	0.407106	0	0.398201	-0.407106	0	0.211775	-0.92224	0
1.86	-0.0983022	0.460457	0	-0.576379	0.355725	0	0.576379	-0.355725	0	0.0983022	-0.460457	0
1.88	0.0334258	-0.046749	0	-0.694539	0.258726	0	0.694539	-0.258726	0	-0.0334258	0.046749	0
1.9	0.162574	-0.551881	0	-0.732353	0.130924	0	0.732353	-0.130924	0	-0.162574	0.551881	0
1.92	0.262047	-0.990964	0	-0.67245	-0.0230335	0	0.67245	0.0230335	0	-0.262047	0.990964	0
1.94	0.267314	-1.10813	0	-0.519987	-0.187927	0	0.519987	0.187927	0	-0.267314	1.10813	0
1.96	0.17028	-0.79076	0	-0.313713	-0.328045	0	0.313713	0.328045	0	-0.17028	0.79076	0
1.98	0.0440806	-0.314153	0	-0.091735	-0.438488	0	0.091735	0.438488	0	-0.0440806	0.314153	0
2	-0.0835198	0.178522	0	0.13276	-0.531577	0	-0.13276	0.531577	0	0.0835198	-0.178522	0

